a=[02378   02376   02373   02372   02369   02363   02362   02360
02357   02353   02352   02350   02346   02343   02341   02339
02334   02333   02330   02328   02325   02321   02320   02316
02316   02312   02310   02306   02304   02304   02298   02295
02293   02289   02285   02285   02282   02278   02276   02274
02269   02267   02264   02263   02259   02256   02254   02253
02250   02246   02244   02241   02237   02234   02232   02230
02229   02225   02221   02220   02217   02213   02211   02209
02205   02202   02200   02198   02194   02190   02189   02186
02185   02181   02178   02176   02176   02169   02165   02164
02163   02158   02155   02153   02152   02148   02145   02145
02139   02137   02133   02131   02130   02126   02124   02122
02119   02116   02113   02109   02106   02104   02101   02099
02097   02093   02091   02088   02085   02082   02080   02077
02075   02072   02069   02066   02064   02059   02057   02056
02053   02049   02048   02048   02048   02048   02036   02033
02030   02027   02025   02021   02021   02016   02013   02010
02008   02005   02001   01999   01997   01994   01992   01989
01986   01981   01980   01977   01975   01972   01970   01969
01965   01962   01958   01957   01954   01949   01947   01945
01942   01939   01937   01934   01932   01928   01926   01923
01922   01918   01915   01913   01910   01906   01903   01901
01899   01895   01893   01892   01889   01885   01882   01881
01877   01874   01870   01869   01868   01864   01861   01859
01857   01851   01849   01847   01844   01841   01837   01836
01834   01830   01827   01826   01822   01819   01817   01815
01813   01809   01805   01804   01801   01798   01796   01793
01790   01785   01785   01782   01780   01777   01773   01770
01769   01766   01763   01761   01757   01755   01751   01750
01747   01745   01741   01739   01737   01733   01732   01729
01728   01723   01719   01717   01715   01711   01708   01706
01704   01702   01698   01698   01693   01691   01687   01686
01682   01680   01676   01674   01674   01669   01668   01665
01662   01658   01655   01653   01652   01649   01645   01643
01641   01638   01635   01633   01629   01626   01625   01621
01620   01617   01615   01611   01610   01606   01602   01600
01597   01594   01593   01589   01589   01585   01582   01580
01577   01574   01571   01569   01568   01563   01562   01560
01558   01552   01550   01547   01547   01544   01541   01538
01536   01533   01530   01527   01525   01522   01519   01517
01516   01513   01510   01506   01505   01500   01498   01496
01495   01491   01490   01486   01484   01482   01477   01475
01474   01469   01468   01465   01464   01461   01458   01454
01453   01450   01448   01444   01444   01440   01437   01433
01434   01430   01427   01425   01422   01418   01417   01414
01414   01410   01407   01404   01403   01398   01397   01395
01393   01389   01387   01385   01384   01379   01377   01374
01373   01368   01367   01365   01363   01360   01355   01353
01353   01349   01347   01345   01342   01339   01337   01334
01334   01330   01327   01324   01322   01319   01316   01313
01314   01309   01307   01304   01303   01300   01297   01294
01293   01290   01288   01285   01284   01281   01280   01275
01274   01270   01268   01265   01266   01261   01258   01255
01255   01250   01247   01245   01245   01241   01240   01236
01235   01233   01229   01226   01226   01221   01221   01218
01217   01213   01210   01206   01207   01204   01200   01199
01197   01194   01189   01189   01188   01184   01182   01180
01177   01175   01172   01171   01170   01165   01163   01161
01160   01158   01153   01152   01149   01146   01143   01141
01141   01138   01137   01134   01133   01129   01125   01124
01123   01120   01117   01115   01114   01110   01107   01105
01105   01101   01100   01097   01096   01092   01089   01088
01085   01083   01081   01078   01078   01075   01072   01071
01069   01065   01063   01059   01060   01056   01053   01051
01052   01048   01045   01042   01041   01038   01036   01033
01032   01029   01028   01025   01024   01024   01017   01017
01015   01010   01009   01007   01008   01003   01001   00998
00998   00994   00990   00989   00989   00985   00983   00981
00981   00976   00974   00972   00971   00968   00965   00965
00964   00959   00957   00955   00954   00950   00945   00946
00946   00942   00941   00938   00938   00934   00932   00930
00929   00925   00923   00921   00921   00918   00916   00912
00915   00911   00908   00905   00905   00902   00900   00897
00897   00893   00891   00886   00889   00885   00883   00881
00881   00877   00874   00873   00873   00869   00867   00865
00864   00859   00858   00855   00855   00852   00851   00841
00840   00844   00843   00841   00840   00837   00835   00834
00833   00828   00826   00825   00823   00821   00820   00817
00816   00813   00811   00810   00809   00806   00805   00802
00801   00798   00796   00794   00793   00790   00789   00786
00786   00783   00781   00779   00777   00776   00774   00772
00770   00769   00765   00763   00763   00761   00758   00757
00757   00753   00754   00750   00748   00745   00744   00743
00741   00739   00733   00733   00735   00732   00731   00729
00726   00725   00723   00722   00721   00717   00715   00715
00715   00710   00709   00707   00706   00704   00701   00699
00697   00696   00696   00693   00691   00689   00689   00686
00686   00681   00681   00679   00678   00678   00676   00672
00672   00668   00668   00666   00664   00663   00662   00660
00657   00656   00655   00653   00653   00649   00649   00647
00645   00643   00642   00641   00638   00633   00633   00635
00633   00630   00629   00628   00627   00624   00622   00621
00619   00617   00617   00614   00613   00611   00610   00608
00606   00605   00604   00602   00601   00598   00598   00596
00596   00593   00594   00590   00590   00588   00586   00584
00583   00581   00581   00578   00578   00576   00573   00572
00571   00569   00568   00566   00564   00564   00561   00561
00560   00560   00557   00550   00549   00552   00551   00549
00548   00547   00545   00543   00543   00541   00540   00539
00536   00534   00534   00533   00532   00529   00529   00528
00527   00525   00524   00522   00520   00519   00518   00518
00517   00515   00513   00513   00512   00512   00508   00507
00506   00501   00502   00501   00500   00498   00498   00495
00495   00493   00492   00491   00490   00489   00488   00485
00485   00485   00483   00481   00481   00480   00474   00472
00475   00475   00474   00471   00470   00469   00469   00468
00466   00465   00464   00463   00462   00461   00459   00458
00457   00456   00454   00454   00452   00452   00451   00449
00448   00445   00445   00445   00443   00442   00440   00440
00439   00438   00437   00436   00435   00435   00433   00431
00430   00429   00428   00427   00426   00419   00424   00424
00422   00422   00421   00420   00417   00416   00416   00416
00413   00413   00413   00411   00410   00410   00409   00407
00407   00406   00405   00402   00404   00402   00401   00401
00400   00398   00399   00397   00392   00390   00394   00393
00393   00392   00391   00390   00389   00388   00386   00386
00386   00384   00384   00381   00383   00380   00381   00379
00378   00377   00379   00378   00375   00375   00374   00373
00372   00372   00372   00370   00370   00368   00368   00369
00368   00365   00365   00364   00363   00363   00362   00362
00361   00360   00358   00358   00357   00357   00357   00356
00355   00354   00354   00355   00354   00352   00350   00349
00350   00349   00349   00348   00347   00346   00345   00346
00345   00345   00343   00343   00342   00341   00340   00340
00339   00340   00337   00336   00339   00338   00337   00335
00334   00332   00334   00333   00333   00333   00332   00331
00332   00331   00329   00329   00329   00329   00328   00328
00327   00326   00326   00326   00325   00322   00324   00324
00323   00322   00321   00322   00322   00322   00321   00322
00320   00320   00320   00320   00317   00317   00316   00317
00317   00316   00314   00315   00314   00313   00313   00313
00313   00313   00312   00313   00311   00312   00311   00309
00310   00309   00310   00309   00309   00309   00308   00309
00307   00309   00307   00307   00306   00306   00305   00306
00307   00304   00306   00305   00305   00306   00304   00304
00306   00303   00304   00304   00303   00302   00301   00303
00300   00302   00302   00302   00301   00301   00301   00301
00301   00301   00301   00300   00301   00300   00300   00301
00299   00300   00301   00301   00300   00300   00299   00299
00300   00298   00299   00297   00297   00298   00296   00300
00299   00298   00298   00298   00298   00297   00299   00297
00296   00300   00298   00298   00298   00298   00298   00299
00297   00298   00298   00299   00298   00299   00299   00299
00298   00300   00299   00300   00301   00299   00300   00300
00298   00299   00300   00299   00300   00300   00296   00297
00300   00300   00300   00300   00301   00301   00301   00301
00301   00300   00302   00302   00297   00302   00303   00301
00304   00303   00304   00301   00304   00302   00303   00306
00305   00305   00305   00305   00306   00307   00305   00306
00306   00307   00307   00308   00308   00309   00304   00304
00308   00309   00310   00310   00310   00311   00311   00311
00312   00311   00312   00313   00310   00312   00313   00314
00314   00315   00315   00315   00315   00316   00315   00317
00316   00316   00318   00318   00317   00318   00320   00321
00322   00322   00323   00322   00323   00324   00324   00325
00325   00326   00324   00326   00326   00327   00328   00328
00329   00328   00330   00330   00330   00331   00332   00332
00332   00332   00334   00334   00337   00336   00337   00337
00337   00338   00338   00339   00339   00340   00341   00339
00342   00344   00343   00344   00345   00345   00345   00347
00348   00347   00348   00348   00349   00349   00350   00349
00353   00353   00353   00353   00355   00355   00356   00357
00358   00358   00360   00360   00361   00361   00361   00364
00364   00365   00366   00365   00367   00367   00367   00369
00370   00371   00371   00372   00373   00374   00374   00375
00378   00372   00378   00379   00379   00378   00381   00381
00382   00384   00384   00385   00386   00388   00388   00389
00389   00390   00390   00392   00394   00394   00395   00397
00397   00396   00398   00400   00401   00401   00403   00403
00405   00405   00405   00407   00408   00409   00410   00411
00412   00412   00413   00414   00416   00418   00418   00418
00421   00420   00421   00422   00424   00425   00425   00426
00429   00429   00429   00430   00432   00433   00434   00436
00437   00437   00438   00439   00442   00442   00442   00445
00445   00445   00447   00450   00451   00450   00453   00452
00455   00456   00457   00458   00460   00460   00462   00461
00465   00466   00466   00466   00469   00469   00470   00471
00474   00473   00475   00476   00479   00478   00481   00482
00485   00484   00485   00486   00489   00489   00490   00492
00493   00494   00496   00496   00498   00499   00500   00502
00503   00504   00506   00507   00509   00509   00510   00512
00516   00516   00517   00517   00520   00521   00522   00522
00526   00526   00526   00529   00531   00531   00532   00533
00537   00537   00539   00539   00542   00541   00545   00545
00549   00549   00550   00551   00553   00553   00555   00556
00559   00560   00560   00562   00564   00564   00567   00568
00571   00572   00573   00573   00578   00577   00578   00580
00582   00583   00585   00586   00590   00589   00591   00592
00596   00596   00597   00599   00602   00602   00603   00605
00610   00609   00610   00611   00614   00614   00617   00617
00620   00621   00622   00623   00627   00626   00629   00630
00633   00633   00636   00637   00641   00642   00642   00644
00648   00646   00648   00650   00654   00653   00656   00657
00660   00660   00663   00663   00667   00668   00668   00669
00674   00673   00675   00677   00680   00681   00682   00684
00688   00688   00690   00690   00695   00695   00695   00698
00702   00695   00704   00705   00708   00709   00710   00712
00716   00716   00718   00720   00724   00725   00725   00726
00730   00728   00733   00736   00738   00738   00740   00742
00745   00746   00746   00749   00752   00752   00755   00756
00760   00762   00762   00764   00765   00767   00770   00772
00776   00776   00778   00779   00784   00781   00784   00787
00789   00790   00792   00794   00798   00798   00801   00802
00805   00806   00809   00810   00813   00815   00816   00817
00821   00821   00825   00825   00830   00829   00833   00834
00837   00838   00840   00842   00845   00845   00849   00850
00855   00854   00856   00858   00861   00862   00863   00866
00870   00870   00874   00874   00877   00877   00881   00883
00886   00887   00887   00890   00892   00894   00898   00897
00903   00904   00905   00906   00910   00911   00913   00917
00921   00920   00922   00924   00927   00929   00932   00933
00937   00938   00940   00943   00946   00946   00947   00950
00953   00953   00957   00958   00962   00963   00966   00968
00972   00973   00975   00978   00981   00980   00983   00985
00989   00990   00992   00994   00997   00997   01000   01003
01006   01007   01009   01011   01015   01017   01017   01024
01025   01025   01028   01029   01032   01033   01036   01040
01041   01044   01045   01047   01051   01051   01053   01057
01061   01061   01064   01065   01069   01070   01073   01074
01079   01080   01082   01085   01088   01090   01091   01093
01097   01098   01101   01103   01105   01108   01110   01113
01115   01117   01119   01122   01124   01126   01128   01132
01136   01137   01138   01141   01142   01145   01147   01150
01154   01155   01158   01160   01162   01164   01165   01170
01173   01173   01176   01179   01181   01183   01186   01187
01190   01193   01195   01198   01201   01203   01204   01209
01210   01213   01213   01218   01221   01221   01224   01226
01230   01230   01234   01236   01240   01241   01242   01247
01249   01252   01254   01258   01259   01261   01262   01266
01269   01270   01275   01277   01280   01281   01281   01285
01289   01289   01292   01297   01299   01301   01302   01304
01306   01309   01313   01319   01318   01321   01323   01327
01328   01329   01333   01337   01340   01341   01344   01347
01349   01350   01353   01356   01358   01360   01362   01367
01369   01371   01373   01377   01379   01381   01383   01387
01389   01391   01393   01397   01398   01401   01403   01408
01410   01411   01413   01418   01420   01421   01424   01427
01430   01431   01434   01438   01439   01440   01444   01447
01451   01452   01455   01458   01462   01462   01465   01469
01473   01474   01478   01478   01482   01484   01485   01490
01491   01494   01496   01500   01504   01504   01507   01511
01512   01515   01517   01521   01525   01525   01527   01531
01533   01537   01538   01541   01545   01547   01549   01554
01555   01557   01561   01563   01568   01569   01570   01574
01577   01579   01581   01584   01587   01589   01590   01594
01597   01600   01602   01605   01609   01610   01611   01617
01620   01621   01624   01626   01629   01631   01633   01638
01639   01642   01645   01647   01649   01652   01655   01659
01661   01664   01666   01668   01671   01674   01677   01680
01683   01685   01687   01690   01693   01695   01698   01702
01705   01705   01709   01713   01715   01717   01719   01723
01725   01729   01729   01734   01737   01737   01741   01746
01747   01748   01752   01754   01758   01760   01764   01766
01769   01772   01773   01777   01779   01781   01785   01787
01792   01794   01797   01800   01802   01802   01806   01809
01813   01814   01817   01820   01825   01825   01829   01831
01836   01836   01838   01842   01845   01847   01850   01853
01857   01860   01861   01865   01866   01870   01872   01876
01878   01880   01882   01885   01890   01891   01893   01897
01900   01902   01905   01907   01909   01913   01915   01918
01922   01924   01926   01930   01932   01934   01939   01941
01941   01946   01949   01951   01955   01957   01960   01961
01964   01966   01969   01973   01976   01977   01981   01985
01990   01989   01992   01994   02000   02001   02005   02007
02010   02011   02014   02020   02021   02022   02026   02029
02031   02033   02036   02048   02048   02048   02049   02050
02053   02056   02058   02061   02065   02067   02070   02071
02074   02076   02080   02082   02085   02088   02091   02094
02097   02099   02101   02105   02107   02109   02114   02116
02120   02121   02123   02126   02129   02132   02134   02137
02141   02141   02146   02149   02151   02154   02157   02159
02162   02164   02168   02172   02176   02176   02179   02181
02184   02186   02189   02192   02194   02197   02201   02203
02205   02208   02212   02213   02217   02218   02221   02224
02228   02229   02232   02235   02237   02241   02245   02246
02250   02251   02256   02258   02259   02262   02265   02269
02269   02273   02277   02278   02282   02285   02289   02290
02293   02293   02298   02304   02304   02306   02309   02313
02314   02317   02319   02322   02325   02328   02330   02333
02337   02337   02342   02344   02346   02349   02352   02353
02357   02359   02362   02365   02369   02370   02373   02377
02379   02381   02384   02387   02389   02393   02396   02397
02401   02403   02406   02408   02410   02413   02417   02419
02421   02423   02427   02429   02434   02435   02437   02440
02442   02445   02449   02451   02454   02455   02459   02461
02464   02466   02469   02473   02474   02476   02481   02482
02486   02487   02490   02493   02495   02499   02501   02503
02507   02509   02512   02514   02518   02518   02522   02525
02529   02530   02534   02535   02538   02536   02541   02545
02548   02549   02554   02553   02560   02562   02564   02568
02569   02571   02573   02578   02579   02584   02585   02587
02592   02593   02594   02597   02600   02602   02607   02609
02612   02613   02615   02618   02621   02624   02627   02629
02633   02634   02640   02640   02642   02643   02646   02649
02651   02653   02658   02660   02662   02664   02667   02669
02674   02675   02678   02679   02683   02688   02688   02690
02693   02695   02699   02701   02705   02705   02708   02711
02713   02713   02717   02721   02723   02725   02729   02730
02733   02734   02738   02740   02742   02746   02749   02751
02755   02756   02759   02761   02763   02765   02768   02770
02774   02775   02778   02782   02785   02785   02788   02789
02794   02795   02797   02801   02802   02806   02807   02810
02813   02816   02817   02820   02823   02825   02827   02830
02833   02834   02837   02839   02842   02844   02845   02849
02852   02853   02857   02858   02861   02862   02866   02869
02870   02873   02876   02880   02882   02885   02885   02889
02891   02891   02897   02897   02900   02901   02905   02906
02909   02912   02914   02916   02918   02922   02925   02925
02929   02931   02933   02934   02937   02939   02941   02945
02947   02950   02951   02954   02957   02958   02962   02963
02966   02966   02970   02973   02976   02978   02980   02981
02983   02986   02989   02991   02993   02996   02997   03001
03001   03005   03008   03011   03014   03013   03017   03019
03021   03024   03026   03027   03029   03033   03033   03036
03038   03041   03043   03045   03049   03050   03053   03054
03057   03058   03062   03062   03065   03067   03069   03071
03071   03078   03079   03081   03083   03085   03089   03090
03093   03093   03097   03099   03101   03103   03105   03108
03110   03112   03114   03117   03117   03121   03123   03125
03127   03130   03133   03136   03137   03138   03141   03143
03144   03147   03149   03153   03154   03155   03159   03159
03161   03164   03166   03167   03172   03173   03176   03177
03179   03181   03181   03186   03188   03189   03191   03193
03200   03200   03201   03201   03204   03205   03208   03209
03213   03214   03217   03220   03220   03223   03223   03226
03228   03229   03233   03234   03237   03238   03240   03242
03244   03245   03249   03253   03253   03254   03257   03258
03261   03261   03265   03267   03269   03270   03272   03274
03275   03277   03280   03281   03284   03286   03289   03290
03290   03293   03293   03297   03301   03300   03302   03304
03308   03306   03309   03312   03314   03317   03318   03319
03322   03328   03328   03328   03329   03330   03333   03335
03337   03338   03340   03341   03344   03346   03346   03349
03350   03353   03354   03357   03360   03361   03362   03365
03365   03369   03369   03369   03373   03374   03375   03377
03380   03381   03382   03384   03387   03387   03392   03393
03394   03397   03397   03398   03400   03403   03405   03405
03408   03410   03411   03413   03413   03415   03417   03419
03421   03422   03424   03426   03429   03429   03432   03433
03434   03436   03436   03441   03441   03442   03445   03446
03447   03449   03450   03452   03457   03456   03458   03461
03461   03462   03463   03465   03466   03469   03473   03473
03474   03477   03475   03477   03479   03481   03482   03484
03485   03488   03489   03490   03495   03493   03495   03497
03498   03500   03501   03502   03505   03505   03508   03509
03509   03511   03513   03515   03517   03517   03520   03522
03522   03524   03525   03527   03529   03530   03531   03533
03534   03537   03536   03537   03540   03540   03541   03543
03545   03543   03548   03549   03549   03552   03553   03554
03556   03557   03559   03560   03561   03563   03564   03565
03567   03569   03570   03572   03573   03573   03574   03577
03578   03578   03580   03581   03581   03583   03585   03588
03589   03589   03589   03593   03593   03594   03598   03595
03600   03601   03601   03601   03605   03605   03605   03605
03609   03605   03605   03612   03613   03613   03616   03617
03616   03619   03621   03621   03623   03627   03625   03628
03627   03629   03632   03630   03626   03629   03634   03636
03637   03637   03638   03638   03643   03643   03643   03648
03646   03649   03649   03649   03652   03652   03652   03655
03659   03657   03656   03657   03664   03659   03660   03660
03664   03664   03665   03666   03669   03668   03669   03670
03671   03672   03680   03673   03668   03673   03677   03677
03681   03681   03681   03684   03683   03684   03684   03685
03688   03688   03689   03689   03691   03692   03691   03693
03693   03694   03694   03698   03699   03700   03701   03700
03701   03702   03703   03705   03703   03706   03706   03707
03706   03709   03712   03712   03712   03714   03714   03716
03715   03717   03717   03718   03718   03717   03720   03722
03722   03722   03723   03725   03725   03725   03728   03725
03728   03730   03729   03729   03732   03732   03732   03733
03733   03733   03735   03735   03738   03738   03738   03739
03738   03739   03741   03740   03739   03741   03752   03752
03745   03744   03746   03747   03747   03748   03749   03749
03756   03752   03750   03751   03754   03753   03753   03754
03754   03755   03754   03754   03757   03757   03760   03759
03761   03760   03759   03762   03762   03761   03762   03763
03764   03765   03764   03765   03765   03765   03765   03766
03767   03767   03767   03769   03769   03770   03771   03769
03771   03770   03771   03771   03773   03773   03776   03775
03777   03773   03776   03782   03782   03777   03778   03777
03780   03780   03780   03781   03780   03780   03781   03781
03780   03782   03782   03781   03782   03782   03782   03782
03792   03792   03785   03780   03780   03784   03786   03786
03786   03786   03786   03787   03787   03787   03787   03789
03788   03790   03789   03787   03789   03789   03789   03789
03789   03787   03789   03789   03789   03792   03791   03792
03792   03792   03792   03793   03793   03792   03808   03794
03793   03793   03792   03793   03796   03793   03794   03795
03794   03794   03794   03793   03794   03796   03794   03795
03794   03795   03795   03794   03795   03794   03795   03793
03795   03796   03794   03794   03799   03796   03800   03800
03797   03796   03796   03793   03792   03795   03794   03794
03795   03794   03796   03794   03796   03794   03798   03798
03796   03795   03794   03795   03796   03793   03794   03793
03798   03793   03794   03793   03795   03793   03793   03798
03793   03792   03794   03792   03791   03794   03792   03792
03790   03793   03792   03792   03789   03792   03789   03798
03789   03792   03792   03789   03789   03788   03789   03786
03789   03789   03786   03788   03787   03787   03786   03786
03787   03786   03785   03784   03788   03786   03785   03784
03781   03784   03783   03783   03781   03781   03788   03780
03781   03781   03780   03780   03778   03779   03779   03778
03778   03778   03778   03777   03777   03777   03777   03773
03776   03773   03773   03773   03773   03772   03772   03772
03770   03770   03771   03770   03769   03769   03769   03768
03765   03767   03765   03766   03767   03765   03765   03764
03764   03762   03762   03762   03761   03761   03760   03761
03759   03759   03757   03757   03758   03757   03755   03756
03756   03754   03753   03753   03753   03760   03749   03749
03749   03749   03746   03745   03748   03748   03747   03746
03744   03744   03742   03741   03742   03741   03741   03740
03739   03739   03737   03737   03736   03740   03740   03733
03733   03733   03732   03732   03730   03730   03729   03728
03728   03728   03725   03725   03723   03724   03722   03722
03726   03722   03720   03718   03717   03718   03717   03716
03715   03715   03713   03712   03709   03712   03712   03706
03709   03709   03706   03712   03707   03703   03701   03701
03700   03701   03699   03700   03697   03696   03695   03694
03693   03693   03691   03690   03689   03689   03694   03687
03685   03685   03685   03684   03682   03682   03688   03681
03680   03678   03675   03674   03674   03674   03671   03671
03672   03672   03667   03667   03666   03664   03665   03664
03661   03661   03659   03659   03657   03657   03655   03653
03653   03652   03652   03650   03649   03648   03652   03646
03643   03642   03641   03642   03638   03637   03637   03633
03634   03634   03633   03632   03630   03629   03626   03625
03625   03625   03623   03622   03621   03621   03619   03617
03617   03616   03616   03612   03611   03609   03609   03606
03605   03605   03604   03601   03602   03600   03600   03597
03594   03595   03593   03592   03590   03592   03590   03590
03583   03583   03585   03581   03579   03578   03577   03578
03574   03572   03571   03570   03569   03567   03565   03565
03563   03562   03560   03558   03558   03557   03557   03553
03553   03552   03549   03549   03547   03545   03544   03542
03541   03541   03539   03538   03536   03534   03532   03533
03529   03527   03526   03525   03523   03522   03520   03519
03515   03515   03514   03513   03513   03510   03507   03507
03505   03502   03501   03501   03500   03497   03496   03494
03493   03491   03489   03489   03485   03484   03483   03480
03481   03478   03478   03475   03474   03474   03472   03469
03467   03466   03464   03462   03461   03460   03459   03457
03453   03452   03450   03449   03447   03445   03443   03441
03441   03441   03437   03436   03434   03433   03431   03429
03428   03425   03425   03422   03419   03419   03417   03415
03413   03412   03410   03409   03406   03404   03403   03401
03398   03397   03396   03393   03393   03393   03385   03387
03383   03382   03381   03379   03377   03376   03376   03371
03369   03370   03365   03365   03363   03362   03360   03357
03356   03355   03351   03351   03349   03348   03346   03344
03341   03337   03337   03337   03333   03332   03330   03328
03328   03325   03328   03321   03320   03317   03314   03313
03311   03309   03307   03306   03303   03301   03300   03298
03296   03293   03291   03289   03287   03285   03285   03283
03281   03277   03275   03273   03273   03270   03267   03265
03265   03261   03259   03257   03253   03254   03252   03250
03248   03245   03243   03242   03241   03237   03235   03233
03231   03229   03226   03225   03222   03221   03218   03217
03214   03212   03210   03209   03212   03205   03203   03201
03200   03195   03195   03193   03190   03188   03186   03185
03181   03180   03178   03177   03174   03172   03168   03166
03165   03161   03161   03159   03157   03154   03153   03149
03150   03145   03145   03141   03141   03140   03136   03136
03131   03129   03129   03125   03122   03121   03117   03115
03114   03111   03109   03108   03105   03104   03104   03098
03095   03092   03091   03089   03088   03085   03082   03080
03078   03071   03071   03070   03067   03065   03064   03061
03060   03057   03054   03053   03050   03047   03047   03044
03041   03037   03037   03033   03030   03029   03029   03025
03030   03022   03018   03017   03014   03011   03010   03009
03004   03002   02999   02997   02996   02991   02992   02988
02985   02988   02988   02978   02977   02973   02971   02970
02967   02965   02962   02960   02957   02955   02953   02951
02951   02947   02945   02944   02944   02935   02934   02933
02930   02927   02925   02921   02919   02917   02915   02913
02909   02906   02905   02904   02901   02898   02897   02893
02891   02887   02888   02887   02883   02880   02881   02873
02873   02868   02866   02865   02861   02859   02864   02856
02851   02848   02848   02845   02843   02840   02838   02834
02836   02830   02827   02826   02824   02820   02819   02817
02813   02811   02808   02808   02808   02801   02798   02797
02794   02790   02789   02786   02784   02781   02784   02776
02773   02771   02769   02765   02763   02758   02760   02756
02754   02749   02748   02748   02743   02741   02738   02737
02730   02730   02729   02726   02722   02719   02717   02714
02712   02709   02707   02707   02705   02699   02697   02694
02693   02690   02688   02688   02680   02679   02677   02675
02673   02668   02666   02665   02662   02658   02657   02653
02651   02646   02645   02645   02642   02638   02637   02634
02630   02629   02627   02626   02622   02618   02610   02608
02609   02608   02605   02601   02601   02597   02594   02593
02589   02586   02585   02582   02581   02577   02574   02574
02570   02566   02564   02562   02560   02554   02553   02551
02547   02547   02543   02540   02537   02534   02532   02530
02526   02523   02521   02519   02517   02513   02513   02509
02507   02507   02501   02498   02493   02492   02489   02487
02484   02481   02484   02477   02473   02471   02468   02467
02465   02461   02457   02457   02453   02450   02448   02448
02442   02440   02437   02436   02426   02422   02425   02424
02421   02419   02415   02412   02405   02402   02404   02402
02401   02397   02395   02391   02389   02386   02386   02381]

b = reshape(a',1,4000)
a = 0:3999
plot (a,b)

