a = [02048   02048   02048   02048   02048   02029   02013   02002
01984   01971   01958   01944   01933   01924   01917   01920
01914   01915   01918   01922   01926   01932   01937   01944
01947   01953   01958   01960   01960   01958   01953   01948
01941   01929   01914   01898   01879   01860   01842   01822
01808   01787   01773   01760   01747   01737   01727   01719
01713   01707   01701   01698   01694   01692   01690   01693
01697   01705   01714   01723   01736   01748   01758   01778
01793   01812   01827   01840   01856   01869   01881   01894
01905   01913   01918   01922   01919   01915   01909   01902
01896   01874   01859   01842   01825   01808   01787   01776
01762   01749   01741   01731   01721   01716   01704   01702
01697   01691   01691   01691   01691   01693   01698   01706
01717   01727   01740   01754   01769   01782   01798   01814
01832   01845   01864   01875   01887   01897   01905   01920
01920   01923   01922   01918   01910   01899   01886   01874
01859   01840   01822   01805   01788   01770   01758   01750
01738   01729   01721   01714   01706   01701   01694   01693
01691   01691   01693   01697   01701   01708   01717   01731
01744   01755   01770   01786   01802   01817   01831   01849
01864   01877   01891   01900   01909   01914   01915   01924
01917   01913   01906   01897   01881   01865   01850   01833
01816   01797   01782   01768   01755   01744   01731   01724
01720   01709   01702   01698   01693   01690   01687   01691
01693   01699   01705   01713   01722   01734   01744   01762
01776   01796   01809   01825   01839   01853   01867   01882
01896   01905   01913   01915   01918   01921   01915   01913
01908   01893   01878   01862   01845   01827   01808   01794
01779   01765   01753   01741   01730   01721   01712   01709
01704   01697   01693   01691   01690   01690   01691   01700
01707   01717   01726   01739   01752   01765   01778   01798
01816   01832   01846   01860   01873   01885   01895   01908
01914   01917   01923   01923   01919   01910   01900   01892
01877   01860   01843   01826   01807   01790   01774   01764
01752   01739   01730   01720   01714   01707   01699   01698
01693   01689   01691   01691   01697   01700   01706   01717
01729   01743   01755   01770   01784   01800   01814   01830
01848   01863   01876   01890   01902   01908   01915   01921
01921   01921   01915   01909   01898   01884   01869   01853
01835   01817   01802   01785   01770   01756   01744   01737
01725   01717   01711   01705   01702   01696   01689   01691
01688   01691   01700   01704   01713   01722   01732   01748
01761   01779   01793   01808   01824   01840   01851   01868
01880   01893   01905   01913   01917   01922   01921   01924
01915   01907   01895   01882   01865   01847   01831   01813
01800   01781   01767   01755   01742   01732   01723   01717
01712   01705   01698   01696   01691   01689   01687   01693
01697   01705   01713   01723   01734   01748   01759   01778
01794   01812   01827   01842   01857   01872   01882   01896
01906   01913   01919   01923   01924   01920   01911   01906
01896   01880   01865   01848   01829   01811   01793   01779
01768   01751   01742   01733   01723   01716   01705   01704
01698   01693   01696   01691   01692   01696   01698   01708
01720   01733   01743   01756   01771   01785   01800   01818
01834   01849   01866   01879   01889   01901   01908   01920
01922   01925   01925   01921   01913   01903   01890   01878
01860   01842   01826   01808   01790   01772   01759   01751
01739   01729   01722   01714   01707   01701   01694   01694
01692   01691   01694   01698   01701   01710   01717   01732
01745   01759   01773   01788   01804   01818   01833   01850
01865   01879   01893   01904   01911   01917   01919   01926
01922   01915   01909   01898   01884   01869   01853   01834
01816   01799   01785   01771   01757   01744   01732   01725
01720   01711   01704   01700   01698   01691   01689   01692
01693   01699   01707   01715   01725   01737   01747   01765
01784   01798   01813   01828   01843   01858   01869   01885
01897   01907   01914   01921   01923   01925   01921   01920
01912   01897   01885   01869   01851   01833   01813   01799
01785   01769   01755   01745   01732   01724   01714   01710
01704   01697   01695   01695   01691   01691   01693   01700
01708   01717   01730   01741   01754   01769   01781   01802
01817   01833   01850   01864   01876   01890   01899   01910
01917   01923   01926   01926   01923   01913   01906   01897
01883   01866   01849   01832   01813   01796   01778   01768
01753   01741   01733   01721   01716   01709   01701   01699
01693   01693   01691   01693   01697   01703   01709   01720
01736   01747   01760   01775   01789   01805   01819   01836
01853   01867   01882   01896   01908   01916   01919   01925
01928   01925   01921   01913   01901   01889   01874   01857
01838   01821   01804   01788   01773   01758   01746   01737
01727   01719   01714   01706   01702   01697   01691   01692
01689   01693   01702   01706   01714   01723   01734   01749
01764   01779   01794   01810   01826   01841   01854   01873
01881   01895   01907   01915   01921   01924   01924   01928
01921   01913   01901   01888   01872   01854   01838   01819
01804   01785   01771   01758   01745   01736   01723   01718
01712   01705   01701   01697   01693   01690   01689   01694
01697   01705   01714   01725   01737   01749   01761   01781
01800   01813   01829   01845   01860   01873   01883   01899
01912   01917   01923   01926   01925   01923   01915   01909
01900   01882   01866   01849   01833   01813   01795   01781
01768   01755   01743   01734   01723   01716   01707   01705
01699   01693   01696   01695   01693   01696   01700   01709
01721   01734   01745   01760   01773   01787   01802   01820
01840   01851   01868   01883   01893   01904   01910   01922
01928   01929   01928   01924   01916   01907   01893   01881
01863   01845   01828   01810   01793   01776   01762   01754
01744   01731   01722   01714   01709   01702   01695   01694
01692   01691   01694   01698   01702   01712   01719   01733
01745   01759   01775   01792   01805   01822   01836   01856
01869   01883   01895   01906   01915   01921   01923   01930
01928   01919   01911   01901   01887   01872   01856   01838
01820   01803   01786   01771   01759   01747   01736   01728
01720   01711   01705   01700   01698   01692   01690   01693
01695   01701   01707   01717   01727   01738   01749   01768
01784   01799   01814   01830   01845   01861   01873   01890
01900   01911   01917   01924   01926   01928   01923   01921
01914   01901   01887   01873   01854   01835   01815   01801
01787   01769   01758   01746   01733   01725   01716   01712
01705   01701   01697   01695   01693   01693   01695   01701
01712   01721   01731   01744   01757   01771   01783   01803
01818   01835   01852   01865   01879   01891   01901   01914
01919   01925   01929   01929   01925   01915   01909   01900
01885   01868   01851   01832   01816   01797   01779   01772
01754   01743   01735   01722   01717   01709   01702   01700
01696   01693   01696   01696   01699   01704   01711   01724
01736   01747   01762   01778   01793   01808   01822   01840
01856   01871   01888   01897   01910   01916   01923   01929
01929   01929   01924   01916   01905   01891   01877   01861
01842   01825   01807   01790   01775   01761   01746   01739
01729   01721   01714   01707   01702   01697   01691   01692
01690   01697   01702   01707   01715   01725   01735   01751
01768   01783   01796   01812   01827   01842   01857   01874
01885   01899   01910   01920   01925   01928   01927   01928
01923   01915   01904   01891   01874   01857   01839   01821
01808   01787   01773   01760   01747   01737   01726   01720
01712   01705   01701   01698   01693   01690   01690   01697
01704   01707   01717   01728   01739   01753   01764   01783
01800   01817   01831   01848   01862   01877   01887   01901
01912   01919   01926   01929   01929   01926   01917   01912
01904   01885   01871   01853   01835   01816   01798   01785
01769   01755   01745   01736   01725   01717   01707   01705
01700   01697   01696   01695   01693   01698   01702   01712
01722   01735   01747   01761   01774   01790   01805   01824
01840   01857   01870   01887   01897   01906   01913   01924
01929   01931   01930   01928   01919   01909   01895   01883
01866   01847   01831   01812   01796   01778   01764   01756
01744   01733   01723   01716   01709   01702   01697   01695
01693   01693   01697   01701   01705   01713   01722   01736
01748   01763   01778   01794   01809   01825   01839   01857
01872   01885   01898   01909   01920   01924   01928   01932
01928   01923   01914   01905   01890   01874   01859   01842
01822   01805   01787   01773   01761   01748   01736   01729
01720   01713   01706   01702   01700   01694   01690   01694
01696   01701   01709   01719   01730   01741   01751   01770
01785   01802   01818   01833   01847   01862   01876   01893
01904   01913   01921   01927   01929   01930   01926   01925
01916   01905   01890   01876   01858   01838   01819   01805
01787   01773   01760   01748   01736   01728   01717   01713
01705   01701   01698   01698   01693   01694   01695   01704
01712   01721   01734   01747   01758   01774   01785   01808
01821   01840   01854   01869   01881   01895   01905   01920
01928   01929   01931   01932   01929   01920   01911   01903
01888   01870   01854   01836   01818   01801   01781   01772
01756   01745   01736   01724   01717   01711   01702   01701
01697   01695   01696   01697   01701   01705   01714   01725
01737   01751   01765   01780   01795   01810   01826   01841
01858   01873   01888   01900   01911   01918   01927   01931
01936   01931   01925   01920   01907   01894   01880   01863
01845   01827   01810   01794   01777   01763   01748   01741
01732   01721   01715   01709   01702   01697   01693   01694
01690   01697   01702   01709   01716   01726   01738   01754
01768   01783   01799   01814   01830   01846   01860   01877
01886   01899   01912   01922   01928   01930   01930   01932
01929   01917   01907   01894   01877   01860   01842   01825
01808   01789   01775   01762   01749   01738   01727   01721
01713   01707   01702   01700   01695   01693   01691   01698
01704   01709   01717   01730   01741   01754   01765   01785
01801   01817   01833   01850   01864   01878   01890   01906
01914   01923   01929   01932   01931   01928   01921   01920
01904   01888   01874   01857   01837   01819   01799   01786
01771   01757   01746   01737   01726   01720   01709   01706
01704   01697   01696   01695   01696   01698   01703   01713
01724   01735   01749   01764   01777   01793   01806   01826
01841   01857   01872   01887   01899   01909   01915   01928
01931   01933   01933   01929   01924   01911   01898   01886
01869   01850   01834   01817   01798   01780   01765   01758
01744   01733   01725   01717   01712   01703   01697   01698
01694   01693   01700   01702   01706   01714   01723   01738
01752   01763   01779   01796   01812   01827   01842   01860
01873   01889   01901   01912   01920   01926   01928   01934
01929   01923   01917   01908   01893   01878   01861   01844
01828   01809   01792   01777   01762   01749   01737   01730
01721   01713   01706   01702   01700   01696   01691   01696
01697   01703   01711   01721   01731   01744   01753   01772
01787   01805   01819   01836   01850   01865   01877   01896
01905   01915   01923   01930   01931   01933   01929   01928
01918   01907   01893   01878   01860   01841   01819   01806
01791   01773   01762   01749   01737   01728   01718   01714
01707   01701   01698   01699   01694   01697   01697   01706
01713   01724   01735   01748   01762   01776   01787   01809
01824   01841   01858   01873   01885   01898   01907   01920
01928   01931   01934   01934   01932   01922   01913   01906
01891   01874   01857   01840   01821   01803   01785   01772
01758   01747   01736   01728   01719   01713   01703   01701
01697   01697   01697   01698   01701   01707   01714   01728
01739   01751   01765   01781   01797   01812   01827   01844
01864   01875   01890   01904   01914   01924   01927   01933
01936   01933   01929   01922   01910   01896   01882   01866
01846   01829   01812   01796   01779   01764   01749   01743
01732   01723   01716   01709   01703   01698   01693   01695
01692   01699   01703   01710   01719   01729   01739   01756
01769   01783   01801   01817   01833   01847   01861   01880
01890   01903   01915   01925   01930   01933   01933   01933
01931   01921   01910   01896   01881   01862   01845   01828
01812   01793   01778   01765   01751   01740   01731   01722
01714   01707   01704   01700   01697   01694   01693   01699
01704   01713   01719   01732   01743   01755   01768   01792
01804   01821   01837   01853   01867   01881   01893   01908
01917   01925   01931   01936   01933   01932   01924   01920
01912   01891   01876   01860   01840   01820   01802   01792
01776   01759   01749   01738   01729   01720   01709   01708
01704   01699   01697   01698   01697   01700   01705   01714
01728   01739   01750   01766   01780   01794   01809   01828
01844   01859   01876   01891   01901   01911   01920   01930
01936   01937   01936   01933   01925   01914   01901   01890
01872   01853   01836   01818   01801   01782   01766   01758
01746   01735   01725   01720   01712   01705   01698   01700
01697   01697   01700   01704   01709   01717   01725   01741
01752   01767   01781   01798   01813   01829   01843   01862
01880   01891   01903   01915   01924   01929   01931   01938
01936   01929   01921   01910   01898   01881   01864   01845
01832   01809   01794   01778   01765   01751   01738   01732
01722   01715   01707   01705   01700   01696   01692   01698
01699   01703   01713   01721   01733   01744   01754   01774
01788   01807   01821   01837   01852   01868   01880   01897
01912   01917   01926   01931   01934   01937   01932   01930
01922   01909   01896   01881   01864   01844   01824   01809
01791   01777   01764   01752   01738   01730   01718   01715
01707   01703   01699   01699   01697   01697   01698   01707
01716   01725   01737   01750   01765   01777   01789   01811
01826   01843   01862   01875   01888   01900   01909   01924
01929   01935   01937   01938   01934   01925   01916   01909
01894   01877   01860   01842   01824   01805   01785   01776
01761   01749   01739   01728   01721   01713   01704   01704
01698   01697   01697   01700   01703   01709   01716   01729
01740   01755   01768   01785   01799   01814   01829   01846
01864   01877   01892   01906   01918   01924   01931   01937
01937   01937   01932   01925   01913   01900   01884   01868
01849   01831   01814   01797   01780   01766   01750   01745
01736   01723   01717   01710   01706   01699   01694   01697
01693   01699   01706   01713   01719   01730   01741   01757
01776   01787   01803   01819   01834   01850   01864   01883
01896   01905   01918   01928   01933   01936   01936   01940
01931   01923   01912   01899   01883   01865   01848   01830
01814   01795   01780   01768   01753   01741   01731   01724
01715   01707   01704   01704   01697   01694   01693   01701
01705   01713   01721   01733   01746   01757   01769   01792
01808   01821   01837   01856   01869   01883   01894   01910
01921   01927   01933   01938   01937   01933   01925   01922
01912   01893   01878   01862   01843   01824   01803   01792
01776   01761   01750   01739   01730   01720   01710   01708
01704   01699   01696   01699   01698   01701   01706   01717
01728   01741   01753   01768   01781   01797   01811   01830
01848   01861   01877   01895   01903   01914   01922   01933
01936   01939   01938   01936   01928   01917   01902   01892
01874   01856   01837   01821   01802   01783   01769   01759
01748   01737   01728   01721   01712   01705   01700   01700
01697   01697   01700   01705   01709   01717   01726   01742
01754   01771   01783   01801   01815   01831   01846   01865
01880   01893   01906   01917   01926   01936   01936   01940
01936   01931   01924   01913   01899   01882   01866   01849
01832   01813   01796   01781   01765   01751   01738   01733
01723   01715   01707   01705   01702   01697   01693   01698
01700   01705   01713   01724   01735   01746   01756   01777
01791   01807   01824   01841   01857   01872   01882   01900
01912   01921   01928   01936   01938   01938   01934   01936
01928   01913   01899   01883   01865   01846   01826   01812
01795   01779   01765   01753   01739   01731   01718   01716
01708   01705   01700   01699   01697   01698   01700   01709
01720   01725   01738   01752   01766   01780   01792   01814
01832   01845   01862   01877   01890   01902   01911   01926
01932   01937   01940   01941   01937   01927   01920   01912
01896   01879   01862   01845   01826   01807   01792   01780
01762   01751   01739   01729   01721   01713   01705   01704
01700   01699   01698   01701   01704   01709   01717   01732
01744   01755   01770   01786   01801   01816   01831   01849
01865   01879   01896   01912   01918   01928   01931   01939
01940   01939   01933   01928   01915   01901   01888   01872
01852   01835   01817   01801   01783   01768   01753   01747
01736   01725   01718   01713   01706   01701   01696   01698
01695   01701   01708   01714   01722   01733   01744   01760
01776   01791   01805   01822   01837   01853   01866   01885
01896   01909   01922   01930   01936   01938   01938   01940
01937   01927   01914   01903   01886   01867   01850   01833
01816   01797   01781   01769   01754   01742   01731   01725
01720   01709   01704   01704   01699   01696   01693   01702
01705   01713   01722   01736   01748   01759   01771   01794
01808   01823   01841   01858   01872   01885   01898   01913
01922   01931   01936   01940   01938   01937   01928   01925
01912   01897   01881   01865   01845   01826   01806   01794
01777   01763   01751   01741   01731   01721   01712   01710
01704   01699   01698   01699   01699   01702   01706   01718
01729   01743   01754   01770   01783   01798   01813   01834
01849   01865   01880   01895   01907   01917   01924   01936
01939   01941   01942   01940   01931   01921   01906   01896
01877   01860   01841   01824   01803   01785   01770   01764
01749   01739   01728   01722   01713   01707   01700   01701
01698   01699   01700   01706   01711   01719   01728   01744
01756   01771   01785   01803   01818   01834   01848   01868
01881   01895   01908   01922   01929   01936   01936   01942
01938   01931   01925   01916   01901   01885   01868   01852
01832   01813   01797   01784   01768   01754   01744   01736
01724   01717   01709   01706   01702   01697   01693   01700
01704   01707   01715   01725   01737   01747   01757   01778
01793   01812   01825   01843   01857   01872   01884   01903
01913   01923   01930   01938   01940   01940   01936   01936
01928   01915   01901   01886   01868   01849   01827   01814
01800   01781   01766   01755   01741   01732   01721   01717
01712   01703   01700   01702   01698   01698   01700   01710
01720   01729   01740   01754   01768   01781   01794   01817
01832   01849   01863   01880   01892   01905   01913   01929
01936   01941   01942   01943   01939   01930   01922   01920
01898   01882   01865   01848   01828   01810   01792   01780
01768   01751   01741   01732   01722   01715   01706   01705
01699   01699   01698   01701   01706   01711   01718   01734
01744   01759   01770   01788   01803   01818   01833   01851
01867   01883   01896   01912   01924   01932   01935   01943
01944   01941   01936   01931   01919   01905   01890   01875
01856   01835   01818   01802   01785   01769   01754   01749
01736   01725   01718   01714   01708   01701   01696   01700
01696   01701   01708   01716   01724   01734   01745   01762
01776   01791   01808   01825   01838   01856   01868   01888
01897   01911   01922   01932   01938   01941   01940   01944
01939   01929   01916   01906   01887   01869   01852   01836
01818   01799   01783   01770   01755   01744   01734   01728
01720   01711   01705   01704   01699   01697   01696   01703
01708   01715   01724   01737   01749   01762   01773   01795
01809   01828   01843   01860   01874   01888   01899   01920
01928   01933   01940   01942   01941   01939   01930   01928
01916   01899   01882   01868   01847   01829   01810   01797
01778   01765   01753   01744   01732   01724   01712   01710
01705   01701   01699   01702   01700   01704   01709   01720
01732   01743   01756   01771   01785   01802   01816   01836
01850   01867   01884   01899   01909   01919   01926   01938
01944   01943   01944   01941   01933   01922   01908   01898
01879   01861   01844   01827   01808   01787   01772   01766
01752   01739   01730   01722   01714   01707   01701   01702
01699   01699   01704   01708   01713   01721   01730   01746
01760   01771   01786   01805   01819   01835   01850   01869
01884   01897   01910   01924   01931   01936   01939   01946
01944   01935   01928   01918   01903   01888   01872   01856
01836   01817   01800   01785   01770   01755   01744   01737
01725   01717   01709   01708   01702   01698   01696   01702
01704   01709   01717   01728   01738   01750   01760   01781
01800   01814   01828   01845   01860   01876   01888   01906
01916   01925   01933   01940   01942   01943   01940   01938
01932   01917   01903   01890   01870   01851   01830   01817
01801   01783   01768   01757   01741   01733   01722   01718
01712   01705   01701   01703   01700   01700   01701   01713
01720   01733   01742   01755   01770   01783   01796   01818
01833   01849   01866   01881   01895   01907   01917   01931
01937   01941   01945   01946   01941   01933   01925   01920
01902   01884   01868   01849   01829   01812   01792   01781
01768   01753   01742   01732   01723   01717   01706   01706
01704   01699   01699   01704   01707   01713   01720   01736
01745   01759   01774   01790   01805   01820   01835   01856
01872   01883   01899   01913   01926   01932   01938   01945
01945   01943   01940   01934   01921   01908   01893   01877
01859   01837   01821   01805   01787   01772   01755   01749
01737   01727   01719   01714   01708   01702   01697   01700
01697   01703   01710   01717   01725   01736   01746   01764
01777   01795   01809   01826   01842   01857   01870   01890
01899   01913   01926   01937   01940   01944   01941   01945
01939   01931   01920   01908   01890   01873   01856   01837
01820   01801   01785   01772   01757   01743   01734   01729
01720   01711   01706   01704   01699   01698   01697   01704
01709   01715   01728   01738   01750   01764   01776   01796
01812   01829   01845   01862   01877   01890   01902   01920
01928   01935   01941   01945   01945   01942   01932   01929
01916   01901   01885   01869   01850   01830   01810   01798
01784   01765   01754   01745   01733   01724   01713   01712
01704   01701   01700   01703   01701   01705   01710   01720
01736   01747   01757   01774   01787   01803   01817   01838
01853   01869   01884   01899   01911   01922   01929   01941
01944   01947   01946   01944   01936   01925   01911   01900
01881   01865   01845   01828   01809   01789   01773   01766
01752   01741   01732   01723   01714   01707   01701   01702
01704   01701   01704   01709   01714   01722   01732   01747
01760   01775   01789   01808   01822   01837   01852   01873
01885   01901   01912   01926   01933   01939   01944   01950
01944   01939   01930   01921   01907   01891   01873   01857
01840   01819   01802   01786   01771   01757   01744   01738
01726   01719   01710   01708   01702   01699   01697   01701
01704   01709   01719   01730   01739   01752   01762   01782
01800   01815   01830   01848   01863   01877   01890   01909
01917   01929   01936   01942   01945   01946   01942   01941
01936   01919   01906   01892   01873   01853   01832   01818
01803   01783   01769   01757   01744   01734   01723   01720
01712   01705   01702   01703   01699   01701   01704   01713
01721   01733   01744   01758   01771   01786   01798   01819
01834   01851   01870   01884   01897   01910   01920   01934
01940   01945   01947   01948   01945   01936   01928   01920
01905   01888   01869   01853   01832   01814   01794   01784
01768   01755   01744   01733   01728   01717   01707   01707
01704   01701   01701   01705   01708   01715   01722   01737
01749   01763   01774   01793   01809   01824   01838   01856
01873   01889   01904   01916   01926   01933   01939   01947
01947   01947   01941   01936   01925   01909   01896   01881
01860   01841   01822   01808   01788   01772   01760   01751
01738   01729   01721   01714   01708   01702   01698   01701
01698   01703   01710   01718   01726   01738   01748   01765
01780   01795   01810   01828   01843   01860   01873   01893
01904   01915   01928   01938   01943   01946   01945   01948
01944   01933   01922   01910   01893   01875   01857   01841
01822   01803   01786   01773   01758   01747   01735   01730
01720   01713   01708   01704   01701   01699   01698   01706
01709   01717   01729   01740   01753   01765   01777   01799
01816   01833   01847   01865   01878   01894   01905   01922
01929   01939   01944   01949   01948   01945   01936   01933
01918   01903   01888   01873   01852   01832   01813   01800
01784   01767   01756   01746   01734   01724   01714   01713
01706   01701   01701   01703   01702   01707   01712   01722
01736   01749   01760   01776   01789   01805   01819   01838
01856   01871   01886   01903   01915   01926   01932   01944
01946   01949   01948   01946   01939   01929   01912   01904
01883   01867   01848   01832   01811   01792   01776   01766
01753   01741   01732   01725   01716   01709   01702   01704
01704   01701   01704   01710   01717   01723   01733   01748
01762   01775   01791   01809   01825   01840   01856   01875
01889   01903   01920   01928   01937   01942   01944   01950
01945   01941   01933   01924   01909   01893   01876   01859
01840   01821   01802   01788   01773   01758   01744   01739
01728   01721   01712   01708   01703   01700   01697   01703
01705   01709   01719   01730   01740   01754   01764   01785
01800   01815   01832   01849   01865   01880   01892   01910
01921   01931   01938   01945   01947   01949   01944   01944
01936   01923   01908   01894   01875   01857   01834   01824
01803   01785   01771   01758   01745   01737   01723   01721
01713   01707   01703   01703   01701   01702   01704   01714
01722   01736   01746   01760   01773   01787   01800   01821
01836   01853   01870   01886   01901   01913   01922   01936
01944   01947   01950   01952   01947   01938   01930   01924
01906   01890   01872   01856   01835   01817   01796   01785
01769   01755   01745   01734   01728   01717   01708   01708
01704   01701   01702   01706   01709   01716   01722   01738
01752   01765   01777   01796   01809   01825   01840   01859
01876   01891   01905   01918   01932   01940   01943   01951
01949   01949   01944   01938   01925   01913   01897   01882
01862   01843   01826   01809   01790   01774   01760   01753
01739   01729   01722   01715   01710   01703   01698   01701
01699   01705   01710   01721   01729   01739   01749   01769
01784   01799   01812   01830   01845   01861   01875   01894
01905   01917   01930   01940   01946   01948   01946   01950
01946   01937   01925   01912   01896   01877   01860   01844
01826   01805   01788   01776   01762   01749   01738   01732
01721   01713   01708   01706   01701   01701   01698   01707
01712   01721   01730   01741   01754   01768   01779   01801
01816   01833   01849   01867   01882   01896   01908   01924
01936   01941   01946   01950   01950   01946   01938   01934
01928   01906   01892   01874   01854   01836   01815   01802
01785   01771   01757   01748   01735   01725   01715   01713
01706   01703   01701   01703   01705   01708   01713   01724
01736   01750   01762   01778   01791   01806   01821   01842
01858   01875   01892   01907   01917   01929   01936   01946
01949   01951   01952   01949   01941   01931   01916   01905
01887   01869   01850   01833   01813   01793   01778   01770
01753   01743   01734   01725   01717   01710   01704   01704
01704   01701   01708   01712   01717   01725   01736   01750
01763   01779   01793   01811   01826   01842   01858   01877
01896   01905   01920   01931   01938   01945   01946   01956
01948   01943   01936   01926   01911   01897   01878   01862
01848   01823   01805   01790   01775   01761   01747   01740
01730   01719   01712   01710   01706   01701   01698   01705
01706   01713   01721   01733   01743   01755   01766   01792
01801   01819   01835   01851   01867   01883   01896   01914
01928   01935   01941   01946   01950   01953   01947   01946
01938   01925   01911   01897   01878   01860   01837   01824
01808   01787   01773   01762   01747   01737   01725   01721
01713   01707   01704   01706   01702   01703   01705   01716
01724   01737   01748   01762   01774   01789   01802   01825
01840   01855   01876   01890   01903   01915   01925   01940
01945   01949   01953   01954   01949   01940   01932   01924
01909   01892   01874   01858   01836   01817   01800   01788
01770   01757   01746   01734   01728   01719   01709   01709
01704   01703   01703   01708   01710   01717   01724   01738
01752   01767   01780   01796   01811   01827   01843   01861
01880   01893   01908   01922   01934   01940   01947   01953
01953   01953   01946   01941   01929   01915   01901   01884
01865   01845   01828   01811   01793   01777   01762   01755
01744   01731   01723   01716   01710   01705   01700   01704
01704   01707   01714   01722   01731   01741   01753   01770
01784   01799   01814   01832   01849   01865   01878   01898
01912   01923   01933   01944   01948   01952   01952   01956
01947   01939   01928   01914   01898   01881   01863   01845
01828   01805   01792   01778   01762   01750   01739   01732
01721   01715   01709   01706   01703   01701   01700   01708
01712   01721   01730   01744   01755   01769   01780   01802
01817   01837   01853   01870   01885   01898   01910   01928
01937   01943   01949   01954   01953   01949   01942   01937
01928   01909   01893   01877   01857   01838   01817   01808
01786   01771   01758   01748   01737   01728   01716   01714
01707   01703   01702   01706   01706   01709   01715   01725
01737   01751   01764   01779   01794   01808   01824   01844
01864   01877   01892   01911   01921   01931   01938   01948
01953   01955   01954   01952   01944   01933   01920   01906
01890   01872   01853   01835   01815   01796   01780   01772
01755   01745   01735   01725   01717   01711   01704   01705
01704   01705   01708   01713   01718   01729   01737   01752
01768   01779   01796   01813   01829   01845   01860   01880
01896   01909   01922   01934   01941   01947   01949   01956
01951   01945   01938   01929   01913   01897   01882   01865
01848   01825   01808   01793   01775   01762   01748   01741
01731   01721   01714   01710   01708   01702   01698   01704
01708   01715   01723   01734   01745   01757   01768   01792
01808   01821   01837   01854   01869   01885   01898   01920
01928   01937   01944   01950   01954   01955   01950   01949
01940   01927   01914   01899   01881   01861   01840   01826
01809   01789   01775   01764   01747   01739   01725   01723
01714   01709   01706   01707   01703   01705   01707   01718
01725   01737   01749   01764   01778   01792   01804   01828
01844   01859   01878   01893   01906   01920   01929   01942
01948   01953   01957   01957   01954   01943   01936   01927
01911   01894   01878   01861   01840   01819   01801   01792
01772   01759   01748   01737   01729   01719   01712   01709
01705   01703   01704   01708   01713   01719   01726   01742
01753   01767   01781   01798   01813   01830   01846   01865
01881   01897   01911   01928   01934   01944   01947   01957
01957   01955   01949   01943   01930   01917   01902   01887
01867   01847   01830   01812   01794   01778   01762   01755
01744   01733   01724   01717   01711   01706   01701   01703
01704   01707   01716   01722   01732   01742   01752   01772
01785   01803   01818   01835   01850   01867   01882   01901
01912   01925   01937   01946   01953   01955   01953   01956
01951   01941   01931   01917   01900   01883   01864   01847
01828   01809   01793   01779   01764   01750   01739   01733
01722   01715   01710   01708   01703   01702   01701   01708
01714   01723   01733   01745   01757   01770   01782   01805
01824   01837   01857   01874   01888   01902   01914   01930
01940   01947   01951   01956   01955   01953   01944   01940
01928   01911   01897   01880   01861   01840   01819   01808
01789   01773   01761   01750   01739   01732   01717   01716
01709   01705   01704   01707   01707   01710   01716   01728
01739   01751   01766   01782   01797   01812   01827   01846
01865   01879   01896   01914   01925   01934   01940   01952
01957   01957   01957   01954   01946   01937   01922   01910
01893   01875   01856   01838   01818   01798   01781   01774
01757   01747   01736   01728   01720   01712   01706   01706
01704   01705   01708   01715   01719   01729   01739   01754
01768   01783   01799   01816   01833   01847   01863   01883
01898   01911   01925   01937   01944   01952   01952   01958
01960   01949   01941   01932   01917   01901   01884   01867
01848   01829   01810   01795   01778   01764   01752   01744
01736   01723   01714   01712   01708   01703   01701   01707
01712   01715   01725   01736   01746   01760   01770   01792
01808   01823   01841   01858   01874   01889   01901   01920
01930   01941   01946   01954   01956   01957   01953   01952
01944   01929   01917   01901   01883   01863   01842   01828
01811   01793   01777   01764   01749   01739   01728   01722
01715   01709   01706   01707   01703   01706   01708   01719
01729   01741   01750   01766   01778   01794   01809   01830
01848   01865   01879   01896   01909   01922   01931   01945
01949   01955   01958   01960   01955   01946   01938   01930
01914   01897   01880   01864   01842   01823   01803   01792
01776   01761   01749   01738   01730   01721   01712   01709
01706   01705   01705   01709   01714   01721   01729   01744
01753   01771   01783   01802   01817   01832   01848   01866
01883   01899   01913   01928   01940   01948   01951   01959
01960   01957   01953   01945   01933   01920   01904   01889
01869   01851   01832   01816   01797   01781   01764   01757
01744   01733   01725   01718   01711   01706   01701   01705
01704   01709   01718   01724   01734   01744   01755   01773
01787   01803   01819   01838   01854   01870   01885   01904
01913   01927   01940   01949   01954   01957   01956   01960
01955   01943   01933   01922   01902   01885   01868   01850
01832   01811   01796   01780   01765   01753   01739   01733
01723   01715   01710   01712   01705   01702   01702   01709
01716   01723   01733   01746   01758   01773   01785   01808
01824   01844   01859   01876   01890   01906   01916   01933
01944   01949   01955   01958   01957   01955   01946   01941
01932   01914   01898   01881   01861   01842   01822   01809
01789   01775   01761   01751   01739   01732   01718   01716
01712   01705   01704   01707   01707   01711   01717   01729
01741   01755   01768   01783   01798   01814   01829   01850
01866   01883   01900   01915   01925   01937   01942   01954
01960   01959   01958   01957   01949   01938   01924   01912
01894   01876   01858   01840   01819   01800   01783   01774
01758   01747   01738   01729   01720   01713   01706   01706
01704   01707   01709   01716   01722   01730   01741   01756
01769   01783   01801   01818   01835   01851   01866   01886
01901   01915   01926   01940   01946   01954   01955   01962
01960   01951   01944   01933   01918   01903   01886   01869
01848   01829   01812   01797   01781   01765   01752   01744
01736   01723   01715   01713   01708   01703   01701   01706
01712   01717   01725   01738   01749   01761   01771   01794
01810   01828   01842   01860   01876   01892   01905   01922
01936   01941   01949   01956   01958   01960   01956   01954
01946   01933   01920   01904   01885   01866   01844   01829
01811   01795   01778   01765   01750   01744   01730   01724
01716   01711   01708   01707   01705   01708   01709   01721
01730   01741   01753   01768   01781   01797   01810   01833
01849   01865   01884   01898   01911   01925   01933   01947
01954   01959   01961   01961   01958   01949   01940   01932
01917   01900   01882   01865   01844   01826   01805   01796
01776   01763   01750   01738   01730   01723   01712   01711
01706   01707   01706   01710   01715   01722   01731   01746
01760   01771   01786   01804   01819   01835   01851   01868
01885   01901   01916   01929   01942   01948   01955   01961
01961   01961   01955   01948   01936   01922   01908   01892
01873   01851   01834   01817   01799   01782   01766   01759
01745   01735   01726   01719   01714   01706   01702   01706
01704   01709   01718   01724   01735   01746   01757   01776
01789   01807   01824   01841   01858   01874   01887   01907
01917   01931   01942   01952   01957   01959   01958   01960
01955   01945   01936   01923   01905   01888   01869   01856
01834   01813   01797   01781   01767   01754   01742   01736
01725   01717   01712   01712   01705   01704   01704   01712
01720   01725   01736   01748   01762   01777   01788   01810
01826   01844   01861   01877   01893   01907   01918   01937
01945   01951   01958   01961   01960   01957   01949   01944
01932   01916   01901   01884   01865   01844   01824   01810
01791   01775   01763   01753   01741   01732   01719   01716
01712   01707   01705   01707   01707   01713   01719   01732
01744   01757   01770   01786   01801   01818   01833   01852
01872   01888   01900   01919   01929   01939   01945   01957
01961   01963   01962   01959   01951   01940   01926   01914
01897   01877   01860   01842   01822   01802   01785   01775
01761   01747   01738   01730   01721   01713   01707   01707
01705   01707   01709   01716   01723   01733   01742   01758
01776   01787   01803   01821   01837   01853   01869   01889
01904   01917   01930   01941   01949   01956   01957   01964
01960   01955   01946   01936   01921   01906   01889   01872
01852   01833   01815   01798   01782   01766   01753   01746
01736   01725   01716   01714   01710   01705   01702   01708
01712   01717   01729   01740   01749   01764   01773   01796
01812   01829   01846   01864   01878   01894   01907   01925
01936   01947   01953   01958   01961   01962   01958   01956
01948   01935   01922   01906   01887   01868   01846   01832
01816   01795   01780   01768   01753   01744   01730   01725
01720   01713   01708   01709   01706   01708   01711   01722
01732   01743   01755   01770   01783   01800   01812   01834
01850   01867   01886   01901   01914   01927   01938   01948
01960   01961   01963   01963   01961   01952   01942   01933
01918   01901   01884   01866   01845   01826   01806   01796
01777   01763   01753   01739   01732   01723   01714   01713
01708   01707   01707   01710   01717   01724   01732   01748
01760   01775   01789   01808   01822   01838   01853   01872
01890   01905   01919   01936   01942   01951   01955   01965
01963   01963   01957   01950   01937   01925   01910   01893
01874   01855   01837   01819   01801   01784   01767   01759
01745   01737   01728   01719   01714   01709   01704   01706
01705   01711   01718   01728   01737   01749   01761   01778
01793   01811   01826   01844   01860   01876   01891   01909
01919   01933   01945   01954   01959   01962   01961   01964
01960   01947   01937   01925   01909   01892   01872   01856
01836   01815   01800   01785   01769   01755   01743   01736
01725   01717   01713   01712   01707   01705   01703   01713
01720   01727   01738   01750   01765   01778   01792   01813
01832   01845   01863   01881   01896   01910   01922   01937
01945   01953   01961   01963   01962   01959   01952   01946
01936   01919   01903   01886   01866   01846   01826   01812
01794   01779   01765   01753   01741   01732   01720   01717
01712   01707   01706   01707   01710   01714   01720   01733
01744   01759   01773   01789   01805   01819   01834   01856
01872   01889   01904   01919   01931   01941   01948   01960
01962   01963   01964   01961   01954   01943   01929   01917
01899   01880   01862   01843   01824   01803   01786   01775
01761   01749   01738   01731   01722   01715   01707   01708
01706   01709   01711   01718   01723   01735   01745   01762
01776   01791   01806   01825   01841   01856   01873   01890
01905   01919   01932   01945   01953   01958   01960   01966
01960   01955   01948   01938   01925   01908   01890   01874
01853   01835   01817   01801   01783   01769   01753   01746
01736   01725   01717   01714   01710   01706   01704   01709
01712   01719   01731   01741   01752   01765   01777   01798
01816   01831   01847   01865   01881   01896   01909   01926
01937   01947   01954   01961   01963   01964   01960   01957
01950   01937   01924   01908   01890   01870   01849   01834
01817   01797   01781   01768   01753   01744   01732   01725
01720   01713   01709   01711   01707   01709   01712   01723
01736   01745   01758   01773   01787   01802   01815   01837
01856   01873   01886   01904   01916   01929   01938   01951
01960   01963   01965   01965   01962   01953   01944   01936
01922   01903   01886   01868   01848   01829   01809   01800
01780   01765   01753   01741   01733   01723   01714   01713
01712   01707   01712   01714   01717   01726   01735   01750
01762   01775   01792   01810   01825   01841   01857   01874
01891   01907   01922   01936   01948   01956   01959   01965
01968   01963   01960   01953   01941   01927   01912   01896
01877   01857   01838   01821   01802   01785   01770   01761
01747   01737   01729   01721   01716   01709   01705   01707
01705   01713   01722   01730   01739   01750   01762   01781
01796   01811   01828   01846   01861   01878   01893   01911
01922   01935   01946   01957   01961   01963   01963   01965
01961   01949   01940   01928   01909   01893   01874   01856
01840   01817   01800   01785   01770   01756   01745   01737
01726   01719   01713   01712   01707   01707   01706   01714
01720   01731   01741   01753   01767   01781   01793   01815
01832   01849   01867   01884   01899   01913   01925   01940
01948   01957   01962   01965   01963   01962   01954   01952
01936   01921   01906   01890   01869   01849   01829   01814
01800   01779   01766   01754   01744   01733   01722   01720
01713   01709   01707   01711   01712   01717   01723   01736
01748   01763   01774   01790   01806   01822   01837   01858
01873   01891   01908   01923   01933   01943   01950   01962
01965   01965   01965   01962   01956   01945   01930   01919
01901   01883   01865   01846   01825   01806   01788   01780
01768   01751   01741   01733   01722   01716   01709   01710
01707   01709   01716   01720   01727   01737   01748   01764
01778   01795   01809   01827   01842   01859   01873   01893
01908   01923   01934   01946   01955   01960   01961   01966
01963   01959   01950   01941   01926   01909   01893   01876
01855   01835   01818   01803   01785   01770   01755   01748
01737   01729   01717   01716   01710   01707   01704   01710
01713   01721   01733   01744   01755   01768   01779   01800
01816   01835   01851   01868   01883   01900   01911   01930
01944   01949   01956   01962   01965   01966   01962   01960
01951   01939   01925   01910   01892   01873   01850   01835
01819   01799   01784   01770   01754   01745   01732   01728
01720   01713   01710   01711   01709   01711   01715   01726
01736   01749   01760   01775   01787   01805   01817   01840
01856   01873   01892   01905   01918   01932   01941   01954
01961   01965   01969   01968   01965   01955   01947   01939
01923   01906   01890   01872   01850   01831   01810   01800
01784   01765   01754   01742   01733   01725   01715   01714
01712   01709   01712   01716   01721   01728   01737   01751
01768   01779   01794   01811   01826   01842   01859   01877
01896   01909   01925   01937   01950   01956   01963   01967
01968   01965   01962   01955   01943   01929   01914   01898
01878   01859   01841   01824   01803   01786   01771   01763
01752   01737   01730   01722   01718   01709   01706   01709
01708   01715   01722   01732   01741   01754   01765   01782
01800   01815   01831   01847   01865   01881   01893   01914
01928   01937   01949   01958   01963   01965   01965   01968
01963   01953   01942   01929   01912   01894   01876   01858
01840   01819   01802   01787   01771   01757   01747   01738
01728   01719   01715   01712   01709   01708   01708   01716
01722   01733   01744   01755   01770   01783   01795   01817
01833   01853   01867   01885   01901   01914   01926   01942
01951   01957   01964   01968   01965   01964   01957   01952
01944   01924   01908   01891   01870   01850   01830   01816
01800   01783   01769   01757   01745   01736   01722   01721
01714   01709   01712   01714   01714   01719   01725   01738
01752   01766   01778   01793   01809   01825   01840   01860
01880   01893   01909   01926   01935   01946   01954   01963
01968   01969   01969   01965   01957   01947   01933   01921
01903   01884   01867   01848   01828   01808   01792   01782
01768   01753   01742   01733   01723   01717   01709   01711
01712   01711   01716   01722   01730   01739   01750   01766
01779   01795   01810   01828   01844   01861   01877   01896
01912   01925   01937   01952   01957   01962   01968   01972
01968   01959   01954   01942   01929   01911   01896   01878
01864   01839   01820   01805   01786   01772   01756   01748
01737   01729   01719   01716   01710   01708   01706   01713
01720   01723   01735   01746   01757   01770   01781   01803
01818   01837   01852   01869   01885   01901   01914   01932
01944   01953   01960   01963   01967   01969   01964   01962
01956   01941   01929   01913   01894   01875   01853   01837
01819   01801   01786   01770   01756   01745   01733   01728
01720   01715   01710   01711   01710   01713   01717   01729]
