a=[02048   02048   02048   02048   02050   02048   02034   02026
02016   02005   01996   01981   01974   01962   01952   01948
01937   01930   01925   01922   01924   01917   01917   01917
01921   01924   01926   01929   01934   01937   01941   01946
01949   01953   01956   01959   01966   01962   01963   01964
01962   01959   01954   01949   01946   01936   01926   01915
01905   01892   01878   01865   01851   01837   01825   01812
01801   01788   01777   01768   01758   01749   01746   01736
01730   01723   01716   01713   01710   01705   01702   01700
01698   01697   01700   01696   01700   01700   01704   01710
01715   01722   01729   01738   01750   01756   01766   01777
01788   01800   01810   01821   01836   01844   01856   01865
01875   01888   01892   01900   01910   01914   01917   01922
01924   01925   01924   01922   01918   01911   01904   01896
01885   01874   01863   01850   01840   01826   01814   01801
01792   01780   01770   01761   01754   01744   01738   01730
01728   01719   01712   01710   01710   01704   01700   01698
01696   01696   01694   01694   01700   01700   01702   01710
01714   01720   01729   01738   01750   01755   01766   01778
01787   01799   01810   01821   01836   01844   01856   01866
01874   01888   01894   01899   01910   01913   01918   01924
01925   01925   01924   01922   01918   01911   01905   01897
01888   01876   01864   01852   01839   01826   01814   01802
01792   01780   01770   01762   01756   01746   01740   01732
01728   01718   01711   01710   01710   01704   01698   01698
01696   01696   01693   01694   01700   01700   01702   01710
01715   01720   01729   01738   01750   01756   01766   01777
01789   01799   01810   01820   01836   01844   01856   01865
01875   01888   01893   01901   01910   01913   01918   01923
01925   01925   01924   01922   01918   01911   01905   01896
01886   01876   01864   01850   01839   01826   01813   01802
01792   01780   01769   01761   01754   01745   01740   01732
01728   01718   01712   01709   01708   01704   01698   01697
01696   01696   01692   01696   01700   01700   01702   01710
01714   01720   01728   01738   01750   01756   01765   01776
01787   01800   01810   01821   01836   01842   01856   01866
01876   01888   01893   01900   01910   01913   01917   01924
01925   01925   01924   01922   01918   01912   01905   01897
01888   01876   01864   01851   01840   01826   01813   01802
01792   01780   01770   01761   01756   01745   01738   01731
01728   01718   01712   01710   01710   01704   01700   01696
01696   01696   01693   01694   01700   01698   01702   01710
01715   01719   01730   01737   01750   01755   01765   01777
01788   01798   01810   01821   01836   01844   01856   01866
01875   01888   01893   01901   01910   01914   01918   01924
01925   01925   01925   01922   01918   01912   01906   01897
01888   01877   01865   01852   01839   01828   01814   01802
01793   01780   01770   01761   01756   01745   01740   01732
01728   01718   01712   01710   01708   01704   01699   01697
01697   01696   01693   01693   01700   01699   01702   01710
01715   01720   01729   01737   01750   01756   01766   01777
01789   01800   01810   01822   01838   01844   01856   01866
01876   01888   01894   01902   01910   01913   01921   01924
01926   01927   01924   01924   01918   01913   01906   01897
01888   01876   01865   01852   01840   01828   01814   01802
01790   01780   01771   01761   01754   01746   01740   01732
01728   01719   01712   01710   01710   01704   01700   01697
01696   01696   01694   01696   01700   01700   01704   01710
01716   01721   01729   01738   01750   01757   01766   01778
01789   01800   01811   01822   01838   01845   01856   01866
01877   01888   01894   01901   01910   01914   01920   01924
01926   01927   01925   01924   01922   01913   01906   01898
01889   01877   01865   01853   01841   01829   01815   01803
01793   01781   01771   01762   01754   01746   01740   01732
01728   01719   01712   01709   01710   01704   01700   01697
01695   01696   01694   01696   01700   01700   01704   01710
01716   01722   01729   01738   01750   01757   01767   01778
01789   01800   01811   01824   01838   01845   01856   01867
01877   01888   01895   01903   01911   01916   01920   01924
01927   01927   01925   01924   01922   01912   01906   01898
01889   01878   01866   01853   01841   01829   01816   01804
01793   01781   01771   01762   01756   01746   01740   01732
01728   01720   01714   01710   01710   01704   01700   01697
01695   01696   01694   01697   01700   01700   01703   01710
01716   01722   01730   01738   01750   01757   01767   01780
01789   01801   01812   01824   01838   01845   01856   01868
01877   01888   01895   01903   01911   01915   01921   01924
01927   01927   01926   01924   01924   01914   01906   01898
01889   01878   01866   01853   01842   01829   01815   01804
01794   01782   01771   01764   01758   01746   01740   01732
01728   01720   01713   01709   01710   01704   01700   01698
01695   01696   01694   01695   01700   01700   01705   01710
01716   01722   01730   01738   01750   01758   01767   01778
01790   01801   01812   01824   01838   01846   01858   01868
01877   01888   01895   01903   01911   01916   01922   01925
01928   01929   01926   01924   01924   01914   01908   01899
01890   01878   01867   01854   01842   01829   01817   01805
01794   01784   01772   01764   01756   01746   01742   01733
01728   01721   01714   01710   01710   01704   01700   01698
01696   01696   01696   01696   01702   01701   01704   01710
01717   01722   01730   01740   01750   01758   01768   01779
01790   01802   01813   01825   01838   01846   01858   01869
01878   01888   01896   01903   01911   01917   01921   01928
01928   01929   01926   01926   01926   01914   01907   01900
01890   01878   01866   01856   01842   01829   01817   01805
01794   01782   01773   01764   01758   01746   01740   01733
01728   01719   01713   01712   01710   01704   01700   01698
01698   01696   01694   01697   01700   01701   01705   01710
01716   01722   01732   01739   01752   01758   01769   01780
01790   01802   01813   01824   01838   01846   01858   01872
01878   01888   01896   01904   01911   01917   01922   01925
01928   01929   01928   01925   01924   01916   01908   01900
01890   01878   01867   01856   01843   01830   01817   01805
01795   01784   01772   01764   01758   01747   01742   01733
01728   01719   01714   01712   01710   01704   01701   01698
01697   01696   01696   01696   01702   01701   01705   01710
01717   01722   01732   01740   01752   01758   01768   01780
01791   01802   01812   01826   01838   01847   01858   01872
01879   01889   01898   01905   01914   01918   01923   01928
01929   01929   01928   01926   01924   01915   01909   01900
01891   01880   01867   01856   01844   01830   01818   01805
01794   01784   01773   01764   01758   01747   01742   01733
01728   01722   01714   01711   01710   01704   01701   01698
01697   01696   01694   01697   01702   01701   01705   01710
01717   01724   01731   01741   01752   01759   01769   01780
01792   01802   01813   01826   01838   01848   01858   01872
01879   01889   01898   01906   01916   01918   01924   01928
01929   01931   01929   01926   01926   01916   01909   01901
01891   01880   01869   01856   01844   01830   01818   01805
01795   01784   01774   01764   01758   01748   01742   01733
01729   01721   01714   01711   01710   01704   01700   01698
01697   01696   01694   01696   01702   01702   01705   01710
01717   01723   01732   01741   01752   01759   01770   01781
01791   01804   01813   01826   01838   01849   01858   01872
01880   01890   01897   01906   01916   01918   01923   01928
01929   01929   01929   01926   01926   01915   01909   01901
01892   01881   01869   01857   01843   01831   01818   01806
01795   01784   01774   01765   01758   01748   01740   01733
01728   01721   01714   01711   01710   01704   01701   01698
01697   01696   01694   01697   01702   01701   01705   01711
01717   01723   01732   01741   01754   01758   01769   01781
01791   01803   01813   01826   01838   01847   01858   01872
01880   01890   01898   01906   01916   01918   01924   01928
01930   01931   01929   01926   01926   01917   01909   01901
01892   01882   01869   01856   01845   01832   01818   01805
01795   01784   01773   01764   01758   01749   01742   01733
01729   01722   01714   01712   01710   01704   01701   01698
01698   01696   01696   01697   01702   01702   01705   01710
01717   01724   01732   01741   01754   01761   01770   01780
01793   01803   01815   01826   01838   01849   01860   01872
01881   01890   01898   01906   01918   01920   01924   01928
01930   01931   01929   01928   01926   01916   01909   01902
01892   01881   01869   01858   01845   01831   01818   01808
01795   01785   01773   01765   01758   01749   01742   01733
01729   01722   01714   01712   01710   01704   01700   01698
01697   01696   01695   01697   01702   01702   01705   01714
01717   01724   01732   01741   01754   01760   01770   01781
01793   01804   01814   01826   01839   01850   01860   01872
01882   01890   01899   01906   01918   01921   01924   01928
01931   01931   01930   01928   01926   01917   01910   01902
01892   01881   01870   01858   01845   01832   01819   01808
01797   01788   01774   01765   01758   01748   01742   01733
01729   01722   01713   01712   01710   01705   01701   01699
01697   01697   01696   01697   01702   01703   01705   01714
01717   01728   01733   01741   01756   01760   01770   01781
01793   01805   01815   01828   01839   01850   01862   01872
01881   01890   01899   01906   01918   01920   01924   01930
01931   01931   01930   01928   01926   01917   01910   01902
01893   01882   01870   01860   01845   01833   01819   01808
01796   01785   01774   01765   01758   01749   01742   01734
01729   01722   01714   01712   01710   01704   01701   01698
01697   01696   01696   01697   01702   01702   01706   01711
01718   01724   01732   01741   01756   01761   01770   01781
01794   01805   01816   01828   01839   01850   01860   01873
01881   01892   01899   01908   01918   01922   01926   01930
01931   01933   01931   01928   01926   01918   01911   01905
01893   01882   01872   01858   01845   01834   01819   01809
01797   01788   01775   01766   01758   01749   01742   01736
01730   01722   01715   01713   01710   01705   01701   01699
01698   01696   01697   01697   01702   01702   01706   01711
01718   01728   01733   01742   01756   01762   01772   01782
01794   01806   01816   01828   01844   01850   01862   01872
01882   01892   01901   01908   01918   01922   01925   01930
01931   01933   01931   01929   01926   01920   01912   01904
01893   01882   01872   01860   01846   01834   01819   01809
01797   01788   01775   01766   01758   01749   01742   01736
01729   01722   01714   01713   01710   01705   01701   01698
01698   01696   01696   01697   01702   01702   01706   01714
01718   01728   01733   01742   01756   01761   01771   01782
01794   01804   01815   01828   01842   01850   01862   01872
01883   01893   01900   01909   01918   01922   01925   01930
01933   01933   01931   01929   01926   01918   01913   01905
01894   01883   01872   01860   01847   01834   01821   01809
01798   01788   01775   01766   01758   01749   01742   01735
01730   01722   01716   01714   01710   01705   01701   01700
01698   01697   01697   01698   01702   01702   01706   01716
01718   01728   01734   01742   01756   01762   01771   01782
01795   01805   01817   01829   01844   01851   01862   01873
01883   01893   01901   01909   01918   01923   01926   01930
01933   01933   01932   01930   01926   01921   01911   01905
01895   01884   01872   01860   01847   01834   01824   01810
01798   01788   01775   01766   01758   01749   01742   01736
01730   01722   01715   01713   01710   01705   01701   01699
01697   01696   01700   01697   01702   01702   01706   01714
01719   01728   01733   01743   01756   01762   01772   01783
01795   01806   01816   01829   01842   01851   01862   01874
01882   01893   01901   01909   01918   01922   01927   01931
01932   01933   01933   01930   01926   01920   01913   01905
01896   01884   01872   01861   01848   01835   01824   01809
01798   01788   01776   01768   01758   01749   01742   01734
01729   01722   01714   01713   01710   01705   01702   01700
01698   01697   01696   01698   01702   01702   01707   01716
01719   01728   01735   01743   01756   01762   01772   01783
01795   01806   01817   01829   01844   01851   01862   01874
01883   01894   01901   01910   01918   01923   01926   01932
01933   01933   01933   01930   01927   01921   01914   01906
01896   01884   01874   01860   01847   01835   01821   01809
01798   01788   01775   01768   01758   01749   01742   01736
01730   01723   01714   01712   01710   01704   01701   01700
01698   01697   01700   01698   01702   01704   01708   01716
01719   01728   01735   01743   01756   01762   01773   01783
01795   01806   01817   01830   01846   01851   01862   01873
01883   01894   01901   01909   01918   01923   01928   01932
01933   01933   01933   01931   01930   01922   01913   01906
01896   01885   01874   01861   01848   01835   01821   01810
01800   01788   01774   01768   01758   01750   01742   01736
01730   01722   01716   01713   01710   01705   01701   01700
01698   01697   01700   01697   01702   01702   01707   01716
01719   01728   01736   01744   01756   01764   01772   01784
01796   01808   01818   01830   01844   01852   01863   01874
01885   01894   01903   01910   01918   01924   01928   01933
01933   01937   01934   01932   01930   01922   01914   01906
01896   01885   01874   01861   01850   01836   01824   01810
01799   01788   01777   01768   01758   01750   01744   01736
01730   01724   01715   01713   01710   01705   01702   01698
01698   01698   01700   01698   01702   01704   01707   01716
01721   01728   01736   01745   01756   01763   01773   01785
01797   01808   01818   01829   01846   01853   01864   01875
01884   01894   01902   01910   01919   01924   01929   01932
01933   01937   01933   01932   01930   01922   01914   01906
01897   01886   01874   01862   01849   01835   01824   01811
01800   01788   01778   01768   01759   01751   01743   01736
01730   01728   01716   01713   01710   01706   01701   01700
01699   01698   01700   01699   01702   01704   01707   01716
01720   01728   01735   01745   01756   01764   01774   01786
01797   01808   01819   01831   01846   01853   01865   01876
01885   01894   01903   01911   01922   01925   01930   01933
01936   01937   01936   01932   01930   01922   01915   01908
01898   01886   01874   01862   01850   01837   01824   01812
01800   01788   01778   01769   01759   01750   01742   01737
01730   01724   01716   01713   01710   01705   01702   01700
01699   01698   01696   01700   01702   01704   01706   01716
01721   01728   01736   01745   01758   01764   01774   01784
01797   01808   01818   01830   01846   01853   01864   01876
01885   01894   01902   01911   01919   01925   01929   01933
01936   01937   01934   01932   01930   01922   01915   01908
01897   01886   01875   01863   01850   01837   01825   01812
01800   01788   01778   01768   01764   01750   01746   01736
01730   01723   01716   01714   01710   01706   01702   01700
01698   01698   01700   01700   01702   01704   01708   01716
01721   01728   01736   01745   01758   01764   01774   01786
01797   01808   01819   01831   01846   01854   01865   01876
01885   01895   01903   01912   01919   01926   01930   01933
01937   01937   01936   01933   01934   01924   01915   01909
01897   01887   01875   01862   01850   01838   01824   01812
01801   01789   01778   01769   01759   01750   01746   01736
01731   01723   01716   01714   01710   01705   01702   01700
01699   01698   01700   01700   01703   01704   01708   01716
01721   01728   01736   01745   01756   01764   01774   01785
01797   01808   01819   01832   01846   01854   01865   01877
01886   01896   01903   01911   01919   01926   01930   01934
01936   01937   01936   01933   01932   01924   01920   01908
01898   01887   01875   01864   01850   01838   01825   01813
01801   01789   01778   01769   01762   01751   01746   01737
01731   01728   01716   01713   01710   01706   01702   01700
01700   01698   01700   01699   01702   01705   01708   01716
01721   01730   01737   01746   01758   01765   01774   01786
01797   01810   01819   01832   01846   01854   01866   01877
01889   01896   01905   01913   01924   01926   01930   01934
01937   01937   01936   01933   01934   01924   01920   01909
01899   01888   01876   01864   01851   01837   01826   01813
01801   01790   01778   01768   01764   01751   01746   01737
01731   01728   01717   01714   01710   01707   01702   01700
01699   01698   01700   01700   01702   01705   01709   01716
01721   01730   01736   01746   01758   01764   01774   01785
01798   01809   01820   01832   01846   01856   01866   01877
01889   01898   01905   01913   01924   01926   01931   01935
01937   01937   01936   01934   01934   01924   01920   01909
01898   01889   01876   01864   01851   01838   01826   01813
01801   01789   01779   01769   01764   01751   01746   01736
01731   01728   01716   01716   01710   01706   01704   01700
01700   01698   01700   01700   01702   01705   01709   01718
01721   01730   01737   01746   01758   01766   01776   01786
01799   01810   01820   01833   01846   01856   01867   01877
01889   01897   01906   01913   01924   01927   01931   01936
01938   01939   01937   01935   01934   01925   01920   01909
01900   01889   01877   01865   01851   01838   01826   01813
01802   01790   01778   01770   01764   01752   01746   01737
01732   01725   01717   01714   01710   01706   01702   01701
01700   01698   01700   01700   01703   01705   01709   01718
01723   01730   01737   01745   01758   01765   01776   01786
01798   01810   01821   01834   01846   01856   01867   01877
01887   01898   01906   01913   01924   01927   01932   01937
01939   01939   01936   01936   01934   01925   01920   01909
01899   01890   01877   01865   01852   01839   01826   01813
01803   01790   01778   01770   01764   01753   01746   01738
01731   01728   01717   01714   01710   01706   01704   01701
01700   01698   01700   01700   01702   01706   01709   01718
01721   01730   01737   01746   01758   01766   01776   01787
01799   01810   01821   01834   01846   01858   01867   01878
01888   01898   01906   01914   01926   01928   01932   01936
01939   01939   01937   01936   01934   01925   01920   01911
01899   01890   01877   01865   01852   01839   01826   01813
01803   01792   01779   01769   01764   01752   01746   01737
01732   01728   01717   01714   01711   01706   01703   01700
01699   01698   01700   01700   01702   01706   01710   01718
01722   01730   01737   01746   01758   01767   01777   01788
01800   01810   01821   01833   01846   01858   01867   01878
01889   01899   01906   01914   01926   01928   01933   01937
01939   01939   01938   01936   01934   01926   01920   01910
01900   01890   01877   01866   01853   01840   01827   01814
01803   01791   01780   01770   01766   01753   01748   01738
01731   01728   01716   01715   01710   01707   01702   01701
01700   01699   01700   01700   01702   01706   01709   01718
01722   01730   01738   01747   01758   01766   01777   01787
01800   01811   01821   01834   01846   01858   01867   01879
01889   01898   01908   01915   01926   01929   01933   01937
01938   01941   01938   01937   01934   01925   01920   01910
01901   01890   01878   01866   01853   01841   01827   01815
01803   01790   01780   01770   01764   01753   01746   01737
01732   01728   01717   01714   01710   01706   01704   01701
01699   01698   01700   01700   01702   01706   01710   01718
01722   01730   01738   01747   01758   01766   01776   01787
01801   01810   01821   01834   01847   01858   01868   01880
01890   01898   01907   01915   01926   01930   01933   01938
01938   01941   01938   01937   01934   01928   01920   01911
01901   01891   01878   01866   01853   01841   01828   01815
01803   01796   01781   01771   01766   01754   01748   01738
01733   01728   01717   01715   01711   01706   01704   01701
01701   01700   01700   01700   01706   01707   01710   01718
01723   01732   01738   01748   01758   01768   01777   01789
01801   01812   01824   01834   01846   01858   01869   01880
01890   01899   01908   01916   01926   01929   01933   01938
01940   01941   01939   01937   01934   01928   01921   01911
01902   01892   01879   01867   01853   01841   01828   01816
01803   01792   01781   01771   01766   01753   01748   01738
01733   01728   01717   01715   01714   01708   01704   01701
01700   01699   01700   01701   01706   01706   01710   01718
01723   01730   01737   01747   01758   01766   01777   01788
01801   01812   01824   01834   01847   01858   01868   01880
01890   01899   01909   01915   01926   01929   01933   01938
01940   01941   01940   01936   01934   01928   01921   01911
01902   01892   01880   01867   01854   01841   01829   01817
01803   01796   01781   01771   01766   01753   01748   01739
01733   01728   01717   01716   01714   01707   01704   01701
01701   01699   01700   01701   01706   01706   01711   01718
01723   01731   01739   01749   01758   01769   01778   01789
01801   01813   01824   01834   01847   01858   01869   01880
01890   01900   01908   01917   01926   01930   01936   01938
01941   01941   01939   01938   01934   01928   01922   01912
01902   01892   01880   01868   01856   01842   01829   01816
01804   01796   01781   01771   01766   01754   01748   01738
01732   01728   01718   01716   01714   01708   01703   01702
01700   01699   01700   01701   01703   01707   01711   01718
01724   01732   01740   01749   01759   01768   01778   01789
01801   01812   01824   01834   01847   01860   01869   01881
01892   01900   01908   01917   01926   01930   01934   01938
01941   01941   01940   01938   01934   01929   01922   01912
01903   01893   01880   01868   01854   01842   01829   01817
01805   01796   01782   01772   01766   01754   01748   01738
01733   01728   01718   01716   01714   01708   01704   01701
01701   01698   01700   01700   01706   01707   01710   01718
01725   01732   01739   01749   01758   01769   01778   01789
01802   01813   01824   01836   01847   01860   01869   01881
01892   01901   01909   01917   01926   01930   01934   01939
01941   01941   01941   01938   01934   01929   01922   01913
01904   01894   01881   01869   01855   01843   01829   01817
01805   01796   01781   01772   01766   01754   01748   01739
01733   01728   01717   01716   01711   01707   01704   01701
01700   01699   01700   01701   01706   01707   01711   01718
01723   01732   01739   01749   01758   01769   01779   01789
01801   01813   01824   01835   01850   01859   01869   01882
01890   01901   01909   01917   01926   01930   01936   01940
01941   01943   01941   01939   01938   01929   01922   01913
01903   01893   01879   01868   01856   01842   01829   01817
01805   01796   01781   01772   01766   01754   01748   01738
01733   01728   01717   01716   01714   01708   01704   01702
01701   01700   01700   01701   01706   01707   01712   01718
01724   01732   01739   01749   01759   01768   01778   01792
01802   01813   01825   01837   01847   01860   01871   01882
01892   01901   01910   01917   01926   01932   01937   01940
01941   01943   01940   01938   01938   01930   01923   01914
01905   01894   01881   01869   01857   01843   01830   01817
01805   01796   01782   01772   01766   01755   01748   01739
01733   01728   01717   01716   01716   01708   01705   01701
01701   01700   01700   01701   01706   01706   01711   01718
01723   01732   01740   01749   01759   01768   01778   01789
01801   01813   01824   01835   01850   01860   01870   01881
01893   01901   01909   01917   01927   01931   01936   01939
01942   01943   01941   01939   01940   01930   01922   01914
01905   01894   01881   01869   01858   01843   01830   01818
01805   01796   01782   01773   01766   01755   01748   01739
01733   01728   01718   01717   01714   01708   01705   01702
01701   01700   01700   01702   01706   01708   01711   01718
01725   01732   01740   01750   01759   01770   01780   01792
01803   01814   01825   01837   01850   01860   01872   01883
01893   01902   01911   01921   01930   01932   01937   01941
01943   01943   01943   01940   01938   01930   01923   01914
01905   01894   01882   01869   01857   01844   01830   01818
01805   01796   01782   01772   01766   01755   01750   01741
01733   01728   01718   01717   01714   01708   01704   01702
01701   01701   01700   01702   01706   01708   01712   01719
01724   01733   01740   01749   01764   01770   01780   01792
01803   01814   01825   01837   01854   01861   01871   01883
01893   01903   01911   01920   01927   01932   01936   01941
01943   01943   01942   01939   01940   01930   01924   01915
01906   01894   01882   01870   01858   01845   01830   01819
01806   01796   01782   01772   01766   01755   01750   01739
01733   01728   01720   01716   01716   01712   01705   01702
01701   01701   01700   01701   01706   01708   01713   01719
01725   01733   01741   01750   01759   01770   01780   01792
01804   01814   01826   01837   01852   01861   01872   01883
01894   01904   01911   01919   01930   01934   01938   01941
01943   01943   01942   01941   01940   01931   01924   01914
01905   01894   01882   01869   01858   01844   01832   01818
01806   01796   01783   01773   01766   01754   01750   01741
01733   01728   01718   01717   01716   01709   01706   01702
01701   01700   01700   01702   01706   01709   01713   01718
01725   01733   01740   01750   01764   01770   01780   01792
01803   01815   01826   01837   01852   01861   01873   01883
01893   01904   01911   01921   01932   01933   01938   01941
01944   01945   01942   01941   01940   01932   01925   01915
01906   01896   01883   01872   01858   01845   01832   01818
01808   01796   01783   01774   01766   01755   01748   01741
01734   01728   01718   01717   01714   01708   01706   01703
01702   01701   01704   01702   01708   01709   01712   01719
01726   01734   01741   01751   01764   01771   01781   01793
01805   01815   01826   01837   01854   01862   01873   01883
01894   01904   01911   01921   01932   01933   01938   01941
01945   01945   01944   01942   01942   01932   01925   01916
01906   01895   01883   01873   01860   01845   01832   01819
01807   01796   01783   01774   01766   01757   01750   01741
01733   01729   01718   01717   01714   01708   01705   01703
01701   01701   01700   01702   01706   01709   01713   01718
01725   01733   01741   01749   01764   01770   01781   01793
01803   01814   01827   01838   01854   01862   01873   01883
01894   01904   01912   01920   01932   01934   01938   01942
01945   01945   01944   01942   01942   01932   01925   01915
01907   01896   01883   01872   01860   01845   01832   01819
01809   01796   01785   01774   01766   01757   01750   01741
01734   01729   01720   01717   01716   01709   01706   01702
01702   01701   01701   01702   01708   01709   01713   01719
01725   01734   01742   01751   01764   01771   01780   01794
01803   01815   01827   01840   01854   01863   01874   01888
01894   01904   01913   01921   01934   01934   01939   01942
01945   01947   01944   01942   01942   01933   01926   01917
01909   01897   01883   01874   01860   01846   01833   01819
01809   01796   01784   01774   01766   01756   01750   01740
01735   01730   01719   01717   01716   01709   01705   01703
01702   01700   01704   01702   01708   01709   01714   01719
01727   01734   01741   01751   01766   01772   01782   01794
01805   01817   01828   01840   01854   01864   01874   01888
01895   01904   01911   01922   01932   01936   01940   01942
01946   01947   01945   01943   01942   01933   01926   01917
01908   01897   01885   01873   01860   01846   01834   01820
01809   01797   01784   01775   01766   01757   01750   01741
01734   01728   01719   01717   01716   01712   01705   01703
01702   01701   01704   01702   01710   01709   01713   01722
01727   01734   01742   01751   01766   01772   01781   01794
01805   01815   01828   01839   01854   01862   01874   01888
01896   01906   01913   01922   01934   01936   01939   01942
01946   01947   01945   01941   01942   01932   01926   01917
01908   01897   01885   01873   01861   01847   01834   01821
01809   01797   01783   01775   01766   01757   01750   01740
01734   01729   01719   01717   01716   01709   01706   01703
01703   01701   01704   01703   01708   01709   01714   01722
01727   01734   01744   01752   01766   01772   01782   01794
01805   01815   01827   01840   01854   01862   01874   01888
01896   01906   01914   01922   01932   01936   01940   01944
01946   01947   01945   01943   01942   01934   01926   01917
01909   01898   01885   01873   01861   01846   01834   01821
01809   01798   01785   01775   01766   01757   01750   01741
01736   01729   01721   01717   01716   01712   01706   01704
01702   01701   01704   01703   01708   01710   01714   01719
01729   01735   01744   01751   01766   01772   01782   01795
01805   01818   01828   01840   01856   01864   01875   01888
01897   01906   01915   01923   01934   01936   01940   01944
01946   01947   01945   01945   01942   01934   01928   01918
01909   01898   01885   01873   01861   01848   01834   01821
01810   01798   01786   01776   01767   01757   01750   01741
01736   01730   01721   01718   01716   01712   01706   01704
01702   01701   01704   01703   01710   01710   01715   01722
01729   01736   01744   01753   01766   01773   01782   01794
01806   01817   01829   01841   01856   01864   01874   01888
01897   01906   01915   01923   01934   01936   01940   01944
01946   01952   01946   01943   01942   01936   01927   01918
01909   01898   01886   01874   01862   01846   01834   01824
01810   01800   01786   01776   01766   01757   01750   01741
01736   01730   01721   01718   01716   01712   01706   01705
01702   01702   01704   01704   01710   01710   01714   01722
01729   01736   01744   01753   01766   01773   01782   01795
01806   01818   01829   01841   01856   01864   01874   01888
01898   01906   01914   01923   01934   01938   01941   01945
01947   01952   01946   01945   01942   01936   01929   01920
01909   01898   01885   01874   01861   01849   01835   01821
01810   01797   01786   01776   01767   01758   01750   01741
01736   01729   01720   01717   01718   01710   01706   01705
01702   01702   01704   01702   01710   01710   01714   01722
01729   01734   01744   01753   01766   01773   01782   01795
01806   01818   01830   01841   01858   01865   01875   01888
01898   01908   01915   01925   01934   01938   01942   01945
01947   01952   01947   01945   01942   01936   01928   01920
01909   01899   01885   01875   01862   01849   01835   01821
01810   01800   01786   01777   01770   01758   01750   01742
01736   01730   01721   01718   01716   01709   01706   01703
01703   01701   01704   01705   01710   01710   01714   01722
01729   01736   01744   01753   01766   01773   01783   01795
01806   01818   01829   01841   01856   01864   01876   01888
01897   01908   01915   01923   01934   01937   01942   01946
01947   01952   01947   01945   01942   01936   01929   01920
01909   01899   01886   01875   01862   01849   01835   01823
01810   01800   01787   01777   01770   01758   01750   01742
01736   01730   01721   01717   01718   01712   01706   01704
01702   01703   01704   01704   01710   01709   01714   01724
01729   01736   01744   01754   01766   01773   01784   01796
01808   01817   01830   01842   01858   01866   01876   01888
01898   01907   01916   01925   01934   01938   01942   01946
01948   01952   01946   01946   01942   01936   01929   01921
01909   01900   01888   01876   01863   01849   01836   01824
01810   01800   01786   01777   01767   01758   01750   01742
01736   01730   01721   01717   01718   01712   01706   01703
01702   01702   01704   01704   01710   01710   01715   01722
01729   01736   01745   01753   01766   01773   01784   01795
01808   01818   01830   01842   01858   01866   01876   01889
01898   01907   01915   01925   01934   01938   01942   01946
01947   01952   01947   01945   01942   01937   01929   01921
01910   01899   01889   01875   01863   01849   01835   01824
01811   01800   01787   01778   01770   01758   01751   01742
01736   01730   01720   01717   01718   01712   01707   01704
01702   01702   01704   01705   01710   01711   01716   01722
01729   01736   01745   01754   01766   01773   01783   01795
01809   01819   01830   01842   01858   01866   01877   01889
01898   01908   01916   01925   01934   01938   01942   01946
01949   01953   01947   01945   01943   01936   01929   01921
01911   01901   01889   01877   01864   01850   01837   01825
01811   01800   01787   01777   01770   01759   01750   01744
01737   01730   01722   01718   01718   01712   01706   01705
01705   01702   01704   01705   01710   01712   01716   01722
01730   01736   01745   01755   01768   01774   01785   01796
01808   01824   01830   01843   01858   01866   01877   01889
01899   01909   01915   01925   01934   01938   01943   01946
01949   01952   01947   01946   01943   01936   01929   01921
01911   01901   01889   01877   01863   01850   01836   01825
01811   01800   01787   01778   01770   01758   01750   01743
01737   01730   01721   01718   01716   01712   01706   01705
01702   01702   01704   01705   01710   01712   01715   01724
01730   01737   01745   01754   01768   01774   01784   01797
01809   01824   01831   01843   01858   01866   01877   01890
01899   01909   01917   01925   01934   01940   01944   01947
01950   01952   01949   01947   01943   01938   01930   01922
01911   01901   01889   01876   01865   01850   01836   01825
01811   01801   01787   01778   01770   01759   01750   01744
01737   01732   01722   01719   01718   01712   01707   01705
01704   01703   01704   01705   01710   01712   01715   01724
01730   01738   01746   01754   01768   01774   01785   01797
01809   01824   01832   01843   01860   01866   01877   01890
01899   01910   01918   01926   01934   01939   01942   01947
01949   01953   01949   01947   01946   01937   01930   01923
01911   01902   01890   01877   01865   01851   01838   01826
01811   01801   01789   01778   01772   01759   01751   01744
01737   01730   01721   01718   01718   01712   01706   01705
01704   01702   01704   01705   01710   01712   01717   01724
01730   01738   01745   01755   01766   01776   01786   01797
01809   01824   01831   01844   01858   01866   01877   01890
01899   01909   01918   01925   01934   01939   01943   01947
01950   01953   01949   01947   01946   01938   01930   01923
01913   01901   01889   01877   01865   01851   01837   01826
01813   01801   01789   01778   01772   01760   01752   01744
01737   01732   01722   01718   01718   01712   01707   01705
01704   01703   01704   01705   01710   01712   01716   01724
01730   01738   01745   01755   01768   01776   01786   01797
01809   01824   01832   01845   01858   01868   01878   01890
01900   01910   01919   01927   01934   01941   01945   01948
01950   01953   01952   01947   01948   01938   01930   01923
01913   01902   01890   01878   01865   01851   01838   01826
01813   01801   01789   01779   01772   01760   01751   01745
01737   01730   01722   01719   01718   01712   01707   01706
01704   01704   01704   01705   01710   01711   01717   01724
01730   01738   01747   01755   01770   01776   01786   01798
01809   01824   01833   01844   01860   01868   01878   01891
01901   01910   01918   01928   01935   01941   01945   01949
01950   01953   01949   01947   01946   01938   01931   01923
01914   01902   01890   01878   01866   01852   01838   01826
01813   01804   01789   01779   01772   01761   01754   01744
01738   01731   01721   01720   01718   01712   01706   01704
01703   01702   01704   01705   01710   01712   01716   01724
01731   01738   01745   01755   01770   01776   01786   01798
01809   01824   01832   01844   01860   01867   01878   01891
01901   01910   01918   01929   01935   01940   01945   01949
01951   01953   01952   01947   01948   01938   01931   01924
01913   01902   01890   01878   01866   01852   01838   01825
01813   01801   01789   01779   01772   01759   01754   01744
01738   01731   01722   01720   01718   01712   01708   01706
01705   01703   01704   01706   01710   01714   01716   01726
01730   01738   01746   01755   01772   01776   01786   01799
01810   01824   01832   01845   01862   01869   01879   01891
01901   01911   01920   01929   01938   01941   01946   01949
01953   01953   01952   01949   01948   01940   01933   01924
01914   01903   01892   01879   01866   01853   01840   01826
01813   01804   01789   01780   01772   01761   01754   01745
01737   01731   01722   01719   01718   01712   01708   01705
01704   01703   01705   01706   01710   01712   01717   01726
01731   01738   01746   01755   01772   01776   01786   01798
01810   01824   01833   01845   01860   01868   01879   01891
01901   01911   01921   01928   01938   01941   01946   01949
01953   01953   01952   01949   01950   01940   01932   01924
01914   01903   01893   01879   01866   01853   01839   01827
01814   01804   01790   01780   01774   01762   01754   01744
01738   01731   01722   01720   01718   01712   01707   01706
01705   01703   01704   01706   01710   01712   01717   01726
01731   01739   01746   01757   01770   01777   01787   01798
01811   01824   01834   01845   01862   01869   01879   01891
01902   01911   01921   01929   01938   01941   01946   01952
01953   01953   01952   01949   01950   01940   01932   01925
01914   01903   01891   01879   01866   01853   01840   01827
01813   01804   01789   01779   01772   01762   01754   01745
01737   01732   01722   01719   01718   01712   01708   01706
01705   01703   01704   01705   01710   01714   01717   01724
01732   01738   01746   01755   01772   01777   01787   01799
01811   01824   01833   01845   01860   01868   01880   01892
01901   01911   01921   01929   01940   01941   01946   01949
01953   01955   01952   01949   01948   01941   01933   01925
01914   01904   01892   01881   01867   01853   01840   01827
01814   01804   01792   01781   01774   01761   01754   01745
01738   01732   01722   01720   01718   01712   01707   01705
01705   01702   01704   01706   01710   01714   01717   01726
01733   01739   01747   01757   01772   01777   01786   01799
01811   01824   01834   01846   01862   01869   01881   01893
01902   01913   01921   01929   01940   01942   01947   01950
01954   01955   01953   01950   01950   01941   01933   01925
01915   01904   01893   01879   01867   01853   01841   01828
01815   01804   01792   01780   01774   01761   01754   01745
01738   01731   01722   01720   01718   01712   01708   01706
01705   01704   01704   01706   01711   01714   01717   01726
01732   01740   01748   01757   01772   01778   01787   01800
01811   01824   01834   01845   01862   01870   01882   01893
01903   01913   01922   01930   01940   01942   01947   01951
01954   01955   01953   01950   01950   01942   01933   01925
01915   01905   01893   01881   01867   01853   01840   01828
01815   01804   01790   01781   01774   01762   01754   01746
01738   01732   01722   01719   01718   01712   01708   01705
01705   01704   01704   01706   01710   01714   01717   01726
01732   01740   01748   01757   01772   01778   01788   01801
01811   01824   01834   01845   01862   01870   01881   01893
01903   01914   01922   01930   01942   01943   01948   01952
01954   01955   01954   01949   01950   01941   01934   01926
01915   01906   01893   01881   01868   01856   01840   01829
01816   01804   01792   01780   01774   01762   01754   01746
01738   01732   01722   01721   01718   01712   01709   01706
01705   01703   01705   01706   01710   01714   01718   01726
01733   01740   01748   01758   01772   01778   01788   01800
01812   01824   01834   01846   01862   01870   01882   01893
01904   01914   01922   01930   01942   01944   01948   01952
01954   01955   01954   01953   01950   01941   01936   01928
01915   01906   01893   01882   01869   01856   01842   01829
01817   01804   01793   01780   01774   01762   01754   01746
01739   01732   01723   01719   01718   01712   01709   01706
01705   01703   01704   01707   01711   01714   01718   01726
01733   01740   01749   01758   01772   01778   01789   01800
01811   01824   01834   01847   01862   01871   01882   01893
01905   01914   01924   01930   01942   01944   01949   01953
01955   01957   01954   01952   01950   01942   01935   01926
01915   01906   01893   01881   01869   01856   01842   01829
01817   01804   01793   01781   01774   01763   01754   01746
01739   01732   01723   01720   01718   01713   01709   01706
01706   01704   01704   01706   01710   01714   01718   01726
01733   01740   01749   01757   01772   01779   01788   01800
01813   01824   01836   01848   01862   01872   01882   01895
01905   01916   01924   01931   01942   01945   01949   01953
01955   01957   01955   01954   01950   01943   01936   01928
01917   01906   01894   01882   01869   01856   01843   01829
01817   01804   01793   01782   01774   01763   01756   01745
01739   01732   01723   01721   01718   01713   01709   01706
01705   01704   01704   01707   01714   01714   01719   01726
01733   01741   01749   01757   01772   01779   01789   01801
01813   01824   01836   01848   01862   01872   01882   01896
01906   01915   01924   01931   01942   01945   01949   01954
01955   01957   01954   01953   01950   01942   01936   01928
01917   01906   01894   01882   01869   01856   01842   01829
01817   01805   01793   01781   01774   01762   01756   01746
01739   01733   01723   01720   01718   01713   01708   01707
01706   01705   01708   01707   01710   01714   01718   01726
01734   01740   01749   01758   01772   01779   01788   01801
01813   01825   01836   01848   01862   01873   01885   01895
01906   01916   01925   01933   01942   01946   01949   01955
01957   01957   01955   01954   01950   01944   01937   01929
01917   01908   01894   01883   01871   01857   01842   01831
01817   01804   01794   01782   01774   01763   01754   01746
01740   01733   01724   01721   01718   01713   01709   01707
01705   01705   01708   01707   01711   01716   01718   01726
01734   01741   01749   01761   01772   01780   01790   01802
01813   01826   01835   01849   01862   01874   01883   01896
01906   01916   01925   01933   01942   01946   01949   01954
01957   01957   01956   01954   01950   01944   01937   01928
01919   01908   01896   01882   01870   01857   01842   01829
01817   01805   01793   01782   01774   01765   01756   01746
01740   01734   01723   01721   01718   01712   01709   01707
01705   01704   01708   01707   01714   01714   01720   01726
01734   01741   01750   01759   01772   01780   01790   01801
01813   01826   01836   01849   01862   01874   01884   01897
01906   01916   01926   01933   01942   01946   01952   01956
01957   01957   01956   01954   01950   01944   01937   01929
01918   01908   01896   01884   01871   01857   01843   01831
01818   01806   01794   01784   01774   01764   01756   01746
01740   01734   01725   01721   01718   01713   01708   01707
01706   01705   01708   01707   01711   01715   01719   01727
01733   01742   01749   01761   01774   01780   01792   01802
01813   01825   01837   01849   01862   01874   01885   01897
01907   01917   01925   01933   01942   01947   01952   01955
01957   01957   01956   01954   01950   01944   01937   01930
01919   01908   01897   01882   01871   01858   01844   01832
01818   01806   01794   01783   01774   01764   01756   01747
01741   01734   01724   01721   01718   01713   01709   01708
01705   01705   01708   01708   01711   01716   01720   01730
01736   01742   01750   01761   01774   01780   01792   01802
01813   01826   01837   01850   01863   01874   01886   01897
01909   01917   01925   01934   01942   01948   01952   01957
01958   01959   01957   01954   01951   01945   01938   01929
01920   01909   01897   01884   01873   01859   01844   01831
01818   01805   01794   01782   01774   01765   01758   01746
01741   01733   01725   01722   01718   01713   01709   01708
01707   01705   01708   01709   01711   01716   01720   01726
01734   01742   01750   01761   01774   01781   01792   01802
01815   01826   01838   01850   01863   01875   01886   01898
01908   01918   01926   01933   01943   01946   01952   01956
01958   01959   01957   01955   01951   01945   01938   01930
01921   01909   01897   01884   01869   01858   01845   01831
01819   01808   01794   01782   01774   01765   01756   01747
01741   01733   01724   01722   01718   01713   01709   01707
01706   01705   01708   01709   01714   01716   01720   01730
01735   01742   01750   01761   01774   01780   01793   01803
01814   01826   01839   01850   01863   01876   01886   01898
01909   01918   01927   01936   01943   01947   01952   01957
01958   01959   01957   01956   01956   01946   01938   01930
01921   01910   01898   01885   01873   01859   01845   01832
01819   01808   01795   01784   01774   01765   01758   01747
01741   01734   01725   01721   01718   01714   01709   01707
01706   01706   01708   01709   01714   01716   01721   01730
01736   01742   01750   01761   01774   01781   01792   01803
01815   01826   01840   01852   01866   01876   01887   01898
01909   01918   01928   01934   01943   01947   01954   01957
01959   01959   01958   01956   01956   01946   01938   01930
01921   01909   01897   01884   01872   01858   01845   01832
01819   01808   01795   01784   01774   01764   01758   01748
01741   01734   01724   01722   01718   01713   01709   01708
01707   01706   01708   01708   01714   01715   01719   01727
01735   01744   01750   01761   01774   01781   01792   01804
01815   01828   01838   01851   01868   01876   01888   01899
01909   01920   01927   01936   01943   01947   01953   01957
01958   01961   01958   01956   01956   01946   01940   01930
01919   01910   01898   01885   01873   01859   01845   01833
01819   01808   01795   01785   01774   01765   01758   01748
01741   01734   01725   01722   01718   01713   01709   01708
01707   01705   01708   01709   01716   01717   01721   01730
01735   01742   01750   01761   01774   01782   01793   01803
01815   01828   01840   01852   01870   01876   01888   01898
01909   01920   01928   01936   01943   01949   01953   01958
01959   01961   01958   01957   01956   01947   01939   01930
01921   01910   01898   01885   01873   01859   01845   01833
01819   01808   01796   01785   01774   01765   01758   01748
01741   01733   01725   01721   01719   01713   01710   01708
01707   01706   01708   01709   01716   01717   01721   01730
01736   01744   01752   01762   01774   01781   01792   01804
01816   01828   01840   01851   01866   01876   01889   01899
01909   01920   01929   01936   01946   01949   01954   01958
01960   01959   01959   01956   01956   01947   01940   01931
01922   01910   01899   01886   01873   01860   01846   01833
01820   01808   01795   01784   01775   01766   01758   01748
01742   01734   01725   01722   01718   01714   01710   01708
01707   01707   01708   01709   01716   01716   01721   01732
01735   01744   01751   01761   01774   01782   01793   01805
01817   01829   01840   01853   01870   01878   01889   01899
01910   01921   01929   01938   01948   01949   01954   01957
01961   01961   01959   01957   01958   01947   01940   01932
01922   01911   01899   01885   01874   01860   01846   01834
01821   01808   01796   01783   01774   01766   01758   01749
01741   01735   01725   01722   01719   01714   01710   01708
01708   01705   01708   01709   01716   01716   01722   01732
01736   01744   01753   01762   01774   01782   01794   01805
01817   01829   01842   01853   01870   01878   01890   01904
01911   01922   01930   01938   01948   01950   01955   01959
01961   01961   01960   01958   01958   01947   01941   01932
01923   01911   01899   01888   01874   01861   01846   01834
01821   01812   01797   01786   01775   01766   01758   01749
01741   01734   01725   01722   01718   01716   01710   01708
01707   01707   01708   01710   01716   01717   01722   01732
01737   01744   01753   01763   01774   01782   01794   01805
01818   01830   01842   01853   01870   01878   01890   01904
01911   01921   01930   01937   01948   01952   01956   01959
01962   01963   01960   01957   01958   01948   01941   01932
01923   01911   01900   01886   01874   01861   01846   01834
01822   01809   01797   01785   01775   01766   01758   01749
01741   01735   01726   01723   01718   01714   01711   01709
01707   01706   01708   01709   01716   01717   01722   01732
01737   01744   01751   01763   01774   01783   01794   01805
01818   01830   01842   01854   01870   01878   01890   01904
01911   01922   01930   01938   01948   01952   01956   01960
01961   01963   01961   01958   01958   01948   01941   01933
01924   01912   01900   01889   01875   01861   01847   01835
01821   01812   01797   01786   01780   01766   01758   01749]

