a=[02048   02054   02052   02057   02064   02056   02056   02057
02058   02056   02053   02050   02039   02039   02032   02020
02009   02008   01997   01981   01978   01969   01960   01955
01948   01948   01946   01940   01940   01937   01925   01933
01931   01929   01936   01936   01935   01937   01937   01952
01946   01958   01956   01957   01962   01960   01963   01974
01976   01975   01973   01978   01978   01975   01972   01973
01970   01969   01961   01956   01953   01949   01940   01934
01925   01911   01904   01889   01882   01873   01857   01849
01829   01828   01817   01808   01801   01791   01785   01775
01769   01760   01754   01749   01746   01744   01736   01725
01728   01718   01720   01718   01713   01710   01707   01706
01712   01707   01708   01708   01704   01704   01711   01712
01716   01720   01725   01725   01732   01739   01753   01760
01762   01774   01780   01791   01809   01819   01825   01830
01841   01852   01854   01866   01869   01874   01898   01906
01908   01913   01920   01925   01929   01930   01937   01929
01931   01937   01936   01937   01922   01914   01909   01907
01900   01886   01881   01861   01846   01837   01832   01819
01805   01794   01782   01781   01776   01768   01757   01751
01746   01742   01730   01731   01723   01722   01719   01720
01709   01712   01709   01704   01704   01707   01705   01702
01706   01705   01702   01710   01710   01713   01722   01721
01731   01737   01744   01746   01755   01761   01780   01783
01795   01801   01806   01813   01833   01850   01864   01872
01879   01885   01895   01901   01904   01910   01918   01924
01928   01929   01927   01933   01933   01936   01933   01941
01934   01930   01930   01924   01914   01913   01910   01898
01880   01878   01868   01857   01850   01843   01819   01817
01803   01797   01790   01785   01769   01764   01754   01749
01745   01740   01738   01737   01731   01729   01716   01717
01714   01713   01710   01706   01700   01706   01704   01704
01701   01705   01706   01710   01710   01719   01722   01734
01733   01745   01748   01755   01764   01776   01778   01791
01797   01806   01818   01826   01832   01839   01846   01857
01865   01871   01882   01885   01889   01909   01921   01917
01926   01928   01932   01934   01938   01937   01930   01934
01936   01931   01936   01929   01914   01914   01905   01896
01887   01877   01873   01868   01849   01841   01830   01820
01816   01806   01787   01786   01776   01768   01765   01757
01751   01746   01744   01731   01734   01728   01722   01721
01723   01719   01707   01707   01707   01707   01701   01706
01702   01700   01698   01709   01714   01714   01720   01723
01728   01740   01745   01750   01758   01764   01773   01788
01794   01797   01808   01818   01821   01832   01846   01863
01873   01884   01888   01892   01897   01906   01910   01921
01921   01924   01929   01932   01932   01940   01940   01937
01933   01933   01927   01924   01920   01913   01908   01899
01895   01885   01866   01858   01846   01841   01831   01821
01806   01796   01792   01783   01768   01769   01759   01753
01754   01746   01737   01734   01734   01725   01723   01716
01715   01713   01712   01707   01704   01706   01703   01703
01702   01706   01708   01705   01709   01714   01719   01729
01731   01734   01746   01749   01761   01769   01774   01781
01796   01797   01805   01811   01827   01840   01844   01849
01861   01870   01876   01882   01896   01911   01922   01925
01934   01937   01937   01940   01937   01936   01933   01924
01921   01914   01901   01892   01885   01881   01865   01858
01846   01840   01834   01826   01817   01808   01801   01782
01782   01771   01764   01764   01756   01744   01739   01736
01728   01719   01719   01720   01718   01708   01706   01705
01704   01706   01705   01701   01703   01704   01704   01705
01710   01715   01719   01724   01733   01731   01744   01751
01756   01762   01769   01777   01798   01798   01810   01819
01826   01832   01846   01851   01861   01862   01880   01886
01893   01900   01902   01907   01916   01925   01921   01930
01928   01929   01931   01938   01934   01937   01936   01929
01930   01922   01920   01914   01904   01897   01894   01886
01865   01856   01847   01844   01832   01821   01802   01801
01792   01781   01782   01773   01758   01753   01744   01740
01731   01728   01729   01723   01718   01713   01710   01710
01710   01710   01709   01706   01701   01704   01704   01704
01710   01711   01710   01717   01724   01724   01732   01737
01742   01746   01761   01771   01781   01788   01792   01800
01812   01816   01832   01849   01858   01863   01869   01874
01879   01892   01901   01910   01912   01917   01923   01925
01928   01932   01930   01938   01941   01936   01931   01933
01930   01924   01924   01916   01899   01885   01880   01869
01857   01849   01846   01822   01815   01805   01797   01787
01781   01773   01768   01757   01754   01741   01743   01737
01732   01722   01722   01718   01712   01709   01707   01708
01709   01706   01704   01705   01702   01707   01704   01702
01713   01713   01716   01720   01729   01725   01734   01741
01755   01761   01765   01780   01783   01793   01811   01824
01832   01834   01845   01854   01860   01867   01873   01877
01902   01909   01911   01920   01920   01929   01931   01933
01939   01933   01936   01940   01938   01938   01925   01917
01911   01910   01902   01890   01883   01865   01849   01840
01834   01824   01809   01796   01785   01783   01780   01769
01757   01753   01748   01742   01730   01732   01728   01719
01721   01721   01710   01712   01712   01704   01704   01706
01707   01702   01706   01705   01704   01711   01711   01713
01722   01722   01731   01738   01744   01748   01755   01762
01781   01785   01797   01803   01810   01815   01836   01852
01865   01873   01883   01886   01899   01903   01907   01914
01924   01924   01932   01932   01931   01937   01937   01938
01936   01941   01938   01932   01932   01928   01917   01916
01911   01901   01882   01880   01870   01858   01853   01845
01824   01819   01805   01798   01796   01783   01770   01765
01755   01751   01745   01741   01740   01737   01733   01730
01716   01716   01715   01714   01710   01708   01701   01706
01705   01704   01701   01705   01706   01710   01712   01721
01722   01734   01733   01746   01749   01756   01766   01776
01780   01795   01798   01810   01820   01828   01834   01844
01849   01864   01866   01874   01883   01888   01896   01911
01924   01922   01924   01930   01935   01938   01941   01940
01934   01938   01940   01936   01937   01930   01917   01915
01908   01898   01890   01881   01877   01872   01850   01843
01833   01825   01818   01809   01789   01787   01778   01769
01767   01758   01756   01747   01746   01735   01736   01729
01722   01721   01724   01721   01709   01708   01708   01708
01703   01708   01704   01701   01700   01709   01720   01715
01721   01724   01729   01742   01748   01751   01759   01768
01773   01790   01796   01800   01810   01821   01828   01835
01849   01866   01875   01886   01892   01894   01899   01909
01912   01924   01928   01926   01933   01936   01937   01942
01942   01941   01936   01936   01930   01926   01921   01916
01912   01902   01898   01887   01872   01861   01850   01844
01831   01825   01809   01798   01794   01786   01769   01771
01762   01754   01754   01747   01738   01736   01734   01726
01724   01718   01717   01714   01712   01709   01704   01706
01704   01703   01704   01708   01710   01707   01712   01714
01722   01730   01731   01737   01748   01751   01762   01772
01777   01784   01798   01800   01809   01813   01829   01842
01848   01851   01865   01873   01876   01884   01900   01918
01924   01925   01938   01941   01939   01942   01941   01937
01937   01928   01924   01917   01906   01896   01890   01882
01867   01862   01849   01842   01838   01831   01819   01809
01804   01783   01784   01773   01766   01766   01758   01745
01741   01736   01730   01721   01721   01720   01719   01709
01707   01707   01706   01710   01708   01702   01705   01704
01708   01706   01711   01717   01722   01724   01735   01735
01746   01753   01760   01765   01771   01780   01801   01803
01814   01824   01826   01834   01850   01853   01861   01866
01882   01891   01897   01902   01907   01911   01921   01925
01928   01934   01936   01933   01936   01941   01940   01941
01937   01931   01933   01925   01922   01918   01906   01900
01898   01890   01867   01860   01851   01847   01832   01825
01805   01804   01794   01782   01783   01775   01760   01754
01746   01741   01732   01729   01730   01723   01720   01712
01710   01710   01710   01710   01709   01707   01703   01705
01705   01706   01712   01713   01712   01719   01728   01725
01735   01740   01742   01748   01763   01773   01783   01790
01794   01801   01814   01818   01834   01856   01858   01866
01872   01877   01881   01896   01904   01910   01914   01921
01925   01927   01930   01936   01932   01942   01944   01940
01933   01936   01936   01926   01928   01918   01901   01889
01883   01872   01860   01851   01850   01825   01817   01808
01800   01787   01781   01777   01770   01760   01755   01742
01746   01738   01732   01722   01723   01718   01713   01709
01709   01709   01710   01706   01705   01707   01702   01707
01706   01704   01713   01714   01717   01721   01730   01727
01738   01744   01759   01765   01769   01782   01785   01797
01813   01826   01832   01836   01849   01858   01860   01870
01877   01881   01902   01912   01914   01920   01924   01932
01936   01937   01941   01936   01939   01944   01941   01942
01929   01922   01914   01920   01902   01893   01888   01869
01852   01842   01840   01827   01812   01797   01792   01784
01784   01771   01761   01755   01750   01745   01732   01734
01728   01722   01723   01721   01711   01714   01713   01705
01704   01708   01707   01704   01709   01707   01706   01714
01711   01717   01724   01723   01733   01740   01745   01750
01759   01766   01785   01787   01799   01806   01810   01818
01838   01856   01866   01876   01885   01889   01904   01906
01909   01915   01926   01926   01932   01934   01931   01940
01941   01941   01938   01945   01940   01936   01936   01930
01921   01917   01918   01905   01886   01884   01874   01860
01857   01845   01824   01820   01810   01801   01796   01786
01773   01768   01760   01752   01747   01742   01744   01738
01733   01729   01717   01718   01716   01716   01710   01708
01701   01707   01705   01705   01703   01707   01708   01714
01714   01722   01723   01734   01736   01749   01752   01758
01768   01778   01781   01797   01800   01811   01822   01830
01837   01846   01851   01864   01869   01875   01886   01892
01896   01915   01928   01925   01929   01934   01938   01940
01944   01942   01937   01940   01944   01938   01939   01934
01922   01917   01910   01901   01894   01885   01878   01874
01851   01846   01836   01826   01820   01812   01793   01787
01779   01772   01769   01759   01758   01749   01748   01735
01737   01730   01724   01722   01726   01721   01711   01709
01712   01709   01703   01710   01705   01702   01701   01713
01720   01717   01723   01725   01731   01745   01750   01754
01764   01768   01776   01793   01797   01802   01812   01824
01829   01838   01852   01869   01877   01890   01893   01896
01902   01914   01920   01928   01928   01927   01937   01940
01939   01946   01945   01943   01939   01941   01933   01930
01925   01918   01913   01905   01901   01892   01873   01865
01853   01847   01838   01828   01812   01802   01797   01790
01771   01773   01764   01755   01756   01749   01740   01738
01734   01730   01722   01720   01717   01714   01712   01709
01706   01706   01705   01706   01705   01709   01710   01708
01712   01715   01723   01731   01736   01738   01749   01753
01765   01774   01780   01785   01802   01802   01811   01817
01833   01844   01849   01856   01867   01876   01878   01888
01902   01918   01925   01929   01941   01944   01941   01946
01942   01940   01940   01932   01928   01922   01908   01899
01893   01886   01873   01864   01853   01845   01841   01833
01821   01813   01805   01784   01786   01775   01769   01766
01761   01746   01743   01736   01732   01722   01722   01721
01719   01710   01709   01707   01706   01710   01708   01703
01707   01706   01708   01708   01714   01718   01726   01728
01735   01738   01749   01755   01762   01766   01775   01781
01802   01805   01815   01826   01830   01836   01852   01857
01865   01869   01885   01893   01899   01906   01909   01914
01923   01930   01929   01938   01936   01937   01938   01945
01942   01945   01944   01934   01937   01929   01925   01922
01908   01904   01899   01893   01870   01862   01854   01850
01836   01828   01808   01808   01797   01786   01786   01777
01762   01756   01748   01744   01734   01731   01732   01725
01722   01715   01714   01713   01711   01710   01710   01708
01704   01708   01705   01707   01714   01715   01714   01721
01729   01728   01734   01744   01746   01751   01765   01776
01792   01790   01800   01805   01815   01821   01837   01856
01861   01870   01874   01881   01884   01900   01907   01916
01918   01923   01927   01931   01933   01939   01936   01946
01947   01942   01937   01938   01936   01930   01930   01922
01906   01892   01886   01874   01861   01854   01851   01827
01819   01810   01802   01792   01781   01780   01771   01761
01757   01745   01748   01739   01733   01724   01723   01718
01714   01709   01709   01710   01711   01707   01705   01707
01703   01709   01706   01706   01715   01716   01719   01723
01731   01733   01736   01746   01761   01766   01770   01784
01789   01797   01816   01828   01833   01839   01849   01861
01862   01874   01880   01883   01908   01916   01917   01923
01928   01934   01937   01938   01945   01940   01942   01947
01945   01946   01931   01925   01917   01920   01906   01897
01891   01873   01856   01842   01842   01829   01814   01801
01792   01786   01784   01774   01762   01755   01751   01746
01734   01735   01729   01724   01723   01721   01711   01714
01713   01706   01705   01707   01709   01705   01712   01708
01707   01715   01716   01717   01726   01726   01736   01742
01748   01753   01759   01768   01787   01792   01798   01809
01814   01820   01840   01859   01872   01878   01891   01892
01904   01910   01912   01919   01927   01930   01936   01938
01935   01944   01941   01943   01941   01949   01943   01939
01938   01933   01924   01921   01918   01908   01890   01886
01876   01864   01859   01849   01828   01824   01812   01802
01800   01789   01776   01768   01760   01754   01749   01745
01744   01739   01735   01730   01719   01719   01718   01716
01710   01709   01703   01709   01706   01706   01704   01707
01709   01716   01715   01728   01723   01738   01738   01750
01754   01762   01770   01780   01783   01799   01803   01814
01826   01834   01841   01846   01856   01865   01874   01879
01890   01894   01897   01917   01928   01928   01931   01938
01942   01942   01946   01946   01939   01944   01944   01941
01945   01937   01924   01920   01911   01905   01896   01887
01882   01877   01857   01846   01838   01830   01822   01814
01796   01792   01778   01774   01771   01762   01758   01750
01747   01735   01738   01732   01725   01724   01726   01723
01711   01710   01712   01710   01707   01708   01705   01704
01701   01713   01720   01717   01723   01729   01733   01746
01750   01756   01766   01770   01779   01797   01800   01804
01816   01826   01829   01839   01856   01872   01879   01892
01897   01898   01905   01915   01920   01928   01930   01934
01939   01944   01941   01950   01948   01945   01943   01944
01936   01933   01928   01922   01916   01908   01906   01893
01876   01867   01857   01848   01839   01830   01813   01802
01798   01790   01771   01775   01765   01757   01758   01750
01741   01738   01734   01732   01724   01720   01717   01716
01713   01709   01706   01707   01706   01707   01706   01709
01710   01709   01713   01717   01725   01733   01736   01738
01751   01756   01766   01778   01780   01787   01804   01804
01813   01819   01834   01846   01851   01858   01867   01878
01881   01892   01906   01922   01929   01931   01945   01946
01945   01949   01947   01943   01943   01933   01931   01924
01912   01902   01896   01890   01874   01867   01856   01846
01844   01836   01825   01816   01809   01787   01789   01778
01770   01770   01762   01748   01745   01740   01732   01724
01723   01721   01719   01712   01709   01709   01708   01710
01709   01703   01707   01706   01708   01709   01714   01719
01726   01729   01737   01739   01750   01757   01763   01769
01779   01785   01804   01808   01818   01829   01830   01841
01854   01859   01865   01871   01888   01896   01901   01909
01911   01917   01926   01933   01932   01940   01938   01939
01944   01949   01946   01946   01944   01938   01940   01931
01929   01924   01910   01908   01904   01895   01874   01866
01858   01850   01840   01830   01810   01809   01798   01789
01787   01780   01764   01757   01749   01746   01736   01736
01733   01727   01722   01716   01714   01713   01714   01710
01711   01709   01705   01708   01707   01712   01714   01715
01717   01723   01732   01731   01737   01745   01746   01753
01766   01778   01792   01793   01800   01806   01820   01824
01840   01858   01864   01870   01877   01883   01888   01900
01911   01918   01922   01925   01931   01935   01937   01941
01939   01949   01952   01945   01941   01941   01940   01933
01936   01925   01909   01894   01890   01878   01865   01857
01853   01830   01824   01812   01804   01793   01783   01781
01773   01764   01760   01746   01748   01744   01735   01723
01725   01719   01716   01709   01711   01712   01711   01708
01707   01709   01706   01710   01709   01708   01717   01717
01722   01725   01733   01733   01739   01747   01762   01768
01772   01788   01792   01798   01818   01830   01836   01841
01853   01862   01866   01876   01882   01888   01910   01918
01921   01924   01929   01938   01944   01941   01947   01941
01945   01949   01948   01947   01933   01926   01920   01920
01910   01900   01893   01875   01858   01845   01843   01831
01817   01802   01792   01788   01784   01775   01764   01757
01751   01748   01736   01736   01729   01724   01723   01723
01713   01715   01714   01706   01706   01710   01709   01706
01712   01709   01708   01716   01718   01719   01726   01728
01738   01745   01752   01754   01763   01769   01788   01793
01801   01811   01814   01825   01842   01864   01873   01881
01893   01895   01907   01913   01915   01924   01927   01934
01940   01941   01939   01946   01947   01947   01945   01949
01946   01941   01941   01937   01928   01923   01919   01910
01891   01889   01878   01868   01861   01851   01829   01827
01813   01806   01800   01790   01778   01770   01761   01755
01751   01746   01744   01741   01735   01730   01720   01720
01718   01717   01710   01710   01704   01709   01708   01707
01705   01709   01710   01718   01717   01728   01726   01740
01739   01753   01754   01764   01772   01784   01786   01803
01805   01817   01828   01834   01842   01850   01857   01866
01874   01882   01893   01898   01901   01919   01930   01930
01936   01940   01944   01943   01950   01949   01942   01946
01948   01943   01947   01941   01928   01924   01914   01908
01898   01890   01884   01881   01859   01850   01842   01832
01828   01817   01797   01793   01781   01776   01773   01765
01758   01753   01749   01739   01739   01733   01726   01725
01726   01723   01713   01712   01712   01710   01707   01710
01706   01704   01702   01714   01721   01719   01725   01730
01737   01749   01754   01759   01768   01773   01781   01797
01802   01806   01817   01829   01833   01842   01858   01875
01883   01894   01899   01902   01909   01917   01923   01930
01936   01934   01941   01948   01945   01954   01952   01949
01946   01946   01938   01937   01931   01926   01916   01912
01908   01897   01879   01872   01859   01850   01842   01833
01817   01806   01801   01794   01775   01777   01768   01758
01758   01753   01742   01740   01734   01732   01725   01721
01718   01717   01713   01709   01706   01707   01706   01707
01708   01712   01710   01710   01715   01717   01728   01732
01737   01741   01751   01757   01768   01780   01782   01793
01804   01806   01813   01820   01837   01850   01853   01860
01869   01879   01884   01893   01907   01926   01930   01936
01946   01949   01947   01953   01948   01946   01945   01936
01933   01927   01913   01905   01899   01893   01877   01870
01859   01849   01845   01838   01829   01817   01811   01789
01791   01780   01771   01772   01765   01749   01747   01740
01734   01726   01728   01721   01722   01712   01711   01710
01709   01710   01712   01705   01707   01708   01708   01710
01716   01722   01730   01729   01738   01741   01752   01758
01768   01770   01779   01786   01805   01810   01824   01830
01834   01841   01858   01859   01869   01874   01896   01899
01905   01911   01914   01921   01929   01936   01936   01942
01941   01941   01944   01952   01948   01950   01947   01941
01942   01933   01931   01929   01914   01909   01905   01898
01876   01868   01860   01853   01840   01833   01812   01811
01802   01792   01787   01781   01765   01758   01752   01746
01736   01736   01733   01729   01722   01716   01715   01714
01714   01710   01713   01709   01705   01708   01708   01712
01715   01717   01716   01723   01733   01732   01739   01746
01748   01754   01769   01779   01792   01795   01800   01809
01821   01826   01842   01860   01866   01876   01880   01888
01889   01902   01914   01918   01928   01929   01933   01935
01939   01943   01942   01952   01955   01948   01942   01945
01944   01936   01938   01929   01911   01897   01892   01881
01869   01860   01856   01833   01826   01815   01807   01795
01787   01782   01775   01768   01762   01747   01750   01744
01736   01724   01725   01721   01716   01713   01711   01713
01714   01709   01708   01710   01708   01713   01712   01709
01719   01720   01723   01728   01732   01737   01739   01750
01766   01770   01775   01790   01794   01800   01821   01834
01840   01844   01855   01866   01868   01878   01885   01889
01910   01922   01922   01927   01932   01941   01944   01944
01951   01945   01947   01952   01950   01950   01938   01930
01922   01921   01912   01901   01897   01877   01861   01849
01846   01834   01819   01804   01794   01789   01788   01778
01765   01759   01755   01748   01736   01736   01730   01726
01725   01722   01714   01716   01716   01708   01707   01709
01711   01706   01712   01710   01710   01717   01718   01722
01728   01728   01738   01746   01753   01756   01763   01771
01792   01794   01803   01813   01818   01825   01846   01861
01875   01884   01893   01898   01910   01915   01917   01926
01932   01934   01944   01943   01942   01949   01949   01949
01947   01955   01949   01944   01945   01940   01930   01925
01926   01911   01894   01893   01882   01869   01865   01853
01832   01828   01815   01809   01804   01793   01780   01773
01763   01758   01753   01747   01746   01742   01737   01732
01722   01721   01718   01720   01714   01712   01704   01711
01709   01709   01706   01709   01713   01718   01718   01728
01728   01740   01741   01754   01757   01766   01774   01784
01789   01803   01808   01819   01832   01837   01845   01854
01859   01872   01877   01883   01896   01899   01904   01923
01933   01933   01938   01942   01947   01950   01954   01953
01945   01949   01950   01946   01949   01943   01930   01926
01917   01911   01902   01893   01885   01883   01862   01853
01844   01834   01828   01818   01800   01794   01783   01780
01775   01765   01762   01754   01750   01739   01741   01735
01726   01725   01726   01723   01713   01713   01713   01712
01705   01710   01707   01705   01703   01717   01722   01721
01727   01732   01738   01750   01755   01762   01770   01774
01783   01800   01805   01810   01818   01829   01837   01844
01860   01877   01885   01898   01901   01903   01912   01922
01924   01936   01937   01938   01945   01948   01946   01956
01954   01952   01947   01949   01942   01939   01933   01928
01919   01914   01910   01900   01881   01874   01862   01853
01846   01835   01818   01808   01808   01796   01775   01779
01770   01760   01758   01754   01744   01741   01738   01732
01725   01722   01721   01720   01714   01713   01708   01709
01708   01707   01709   01712   01710   01713   01717   01721
01730   01734   01740   01744   01755   01760   01770   01782
01786   01793   01804   01810   01815   01823   01840   01852
01857   01861   01873   01882   01885   01897   01910   01926
01934   01938   01949   01953   01949   01956   01952   01949
01949   01940   01936   01930   01915   01909   01901   01894
01881   01874   01861   01853   01849   01841   01832   01824
01813   01792   01792   01780   01773   01774   01765   01750
01747   01741   01735   01726   01728   01721   01724   01714
01711   01712   01709   01714   01712   01705   01709   01709
01709   01712   01718   01723   01730   01731   01739   01742
01754   01762   01768   01772   01783   01787   01809   01811
01824   01833   01836   01844   01860   01861   01869   01877
01896   01901   01907   01914   01920   01921   01930   01938
01937   01942   01943   01945   01946   01954   01950   01954
01949   01943   01945   01937   01933   01930   01915   01911
01909   01902   01878   01869   01864   01856   01844   01835
01813   01813   01802   01794   01790   01781   01767   01761
01752   01748   01738   01736   01733   01731   01723   01718
01716   01714   01716   01710   01714   01709   01706   01708
01709   01712   01716   01719   01719   01725   01736   01733
01741   01749   01750   01757   01771   01781   01793   01798
01808   01810   01823   01828   01844   01863   01869   01878
01882   01888   01892   01908   01920   01919   01928   01929
01935   01939   01942   01947   01946   01954   01956   01949
01945   01946   01946   01938   01940   01931   01911   01898
01896   01883   01872   01862   01859   01836   01828   01818
01809   01797   01787   01784   01777   01768   01764   01749
01750   01744   01735   01725   01730   01719   01720   01713
01711   01713   01714   01709   01712   01710   01708   01713
01712   01709   01719   01721   01725   01729   01734   01737
01741   01752   01768   01772   01777   01790   01796   01803
01824   01834   01841   01845   01857   01866   01870   01881
01887   01892   01916   01925   01923   01930   01936   01943
01946   01946   01953   01947   01949   01956   01955   01953
01940   01933   01925   01925   01915   01906   01899   01879
01863   01852   01846   01837   01819   01808   01796   01792
01792   01778   01766   01759   01755   01749   01738   01738
01732   01726   01725   01725   01714   01717   01717   01708
01708   01710   01711   01707   01713   01710   01710   01718
01718   01722   01730   01729   01741   01748   01754   01757
01767   01772   01794   01796   01806   01815   01820   01828
01847   01864   01880   01885   01897   01900   01911   01918
01922   01926   01934   01940   01945   01946   01943   01952
01951   01953   01949   01957   01953   01946   01947   01942
01932   01929   01926   01914   01897   01895   01885   01874
01867   01857   01835   01832   01818   01811   01804   01796
01781   01774   01764   01760   01755   01749   01747   01744
01739   01733   01722   01722   01719   01720   01716   01713
01705   01712   01709   01712   01707   01711   01714   01718
01719   01728   01730   01742   01743   01756   01760   01768
01777   01785   01792   01803   01810   01824   01834   01840
01847   01858   01860   01872   01879   01887   01899   01903
01907   01927   01936   01937   01941   01945   01950   01950
01957   01956   01952   01953   01956   01949   01953   01946
01933   01928   01920   01913   01906   01895   01890   01885
01864   01856   01845   01837   01832   01820   01801   01796
01785   01781   01777   01767   01764   01755   01753   01739
01741   01736   01730   01725   01727   01725   01714   01714
01713   01714   01707   01710   01707   01706   01704   01718
01723   01722   01729   01732   01738   01753   01760   01762
01772   01777   01785   01802   01808   01812   01824   01831
01837   01846   01863   01879   01889   01900   01905   01907
01913   01924   01926   01937   01940   01940   01947   01950
01949   01958   01957   01954   01950   01952   01944   01941
01937   01930   01928   01914   01913   01902   01884   01877
01865   01857   01846   01837   01821   01810   01808   01798
01778   01779   01771   01762   01762   01756   01746   01742
01740   01732   01729   01723   01721   01720   01714   01713
01709   01709   01709   01711   01709   01714   01716   01714
01717   01721   01731   01736   01741   01745   01757   01762
01773   01784   01786   01796   01806   01812   01819   01826
01843   01856   01857   01862   01877   01885   01890   01898
01914   01926   01937   01941   01954   01956   01953   01957
01954   01952   01953   01940   01940   01933   01917   01910
01905   01897   01883   01875   01863   01856   01849   01843
01834   01824   01816   01793   01793   01781   01775   01774
01766   01752   01749   01741   01736   01729   01728   01722
01726   01714   01711   01712   01712   01714   01713   01706
01709   01710   01710   01713   01719   01725   01732   01733
01742   01745   01756   01764   01769   01774   01783   01792
01810   01814   01825   01835   01838   01847   01862   01862
01873   01879   01896   01903   01909   01915   01921   01924
01933   01941   01939   01946   01946   01946   01948   01957
01954   01956   01951   01946   01948   01939   01937   01933
01920   01913   01913   01903   01882   01873   01866   01859
01848   01837   01817   01814   01805   01795   01791   01783
01768   01762   01752   01749   01738   01736   01736   01731
01724   01717   01717   01715   01716   01711   01714   01709
01706   01709   01712   01713   01718   01719   01721   01729
01733   01736   01744   01749   01754   01758   01773   01782
01796   01800   01808   01813   01828   01830   01846   01862
01871   01878   01884   01890   01894   01908   01921   01924
01928   01931   01939   01943   01944   01949   01948   01957
01960   01953   01946   01949   01949   01941   01944   01933
01914   01902   01899   01885   01874   01865   01861   01837
01829   01824   01810   01798   01789   01785   01778   01768
01765   01749   01750   01746   01738   01728   01728   01719
01720   01715   01713   01713   01714   01710   01712   01713
01710   01714   01713   01710   01721   01722   01726   01730
01734   01737   01744   01754   01769   01774   01778   01790
01797   01804   01826   01837   01842   01847   01861   01867
01871   01882   01892   01893   01918   01926   01926   01931
01938   01946   01948   01949   01957   01952   01953   01960
01957   01956   01942   01936   01928   01928   01917   01908
01901   01882   01866   01856   01848   01839   01822   01809
01798   01795   01792   01778   01769   01763   01760   01750
01739   01739   01734   01726   01725   01726   01714   01717
01718   01709   01712   01712   01711   01709   01712   01712
01713   01720   01719   01723   01732   01730   01745   01750
01754   01758   01767   01774   01796   01798   01809   01818
01822   01830   01849   01867   01881   01889   01899   01903
01915   01921   01922   01929   01938   01942   01948   01949
01947   01954   01955   01956   01951   01961   01954   01949
01952   01945   01936   01931   01927   01917   01899   01898
01888   01876   01871   01859   01837   01834   01820   01814
01806   01798   01783   01777   01765   01761   01755   01750
01752   01745   01739   01734   01723   01723   01721   01720
01716   01713   01706   01712   01712   01712   01708   01711
01715   01719   01721   01730   01732   01742   01745   01758
01762   01770   01778   01788   01793   01807   01812   01824
01836   01842   01849   01860   01862   01873   01882   01890
01901   01905   01912   01927   01938   01938   01944   01952
01953   01951   01960   01957   01952   01956   01960   01952
01955   01948   01936   01930   01923   01915   01908   01898
01892   01889   01865   01858   01849   01839   01834   01823
01803   01798   01787   01782   01779   01770   01766   01757
01754   01741   01742   01737   01732   01725   01732   01723
01714   01714   01716   01714   01707   01711   01709   01707
01706   01720   01724   01723   01731   01732   01740   01754
01760   01764   01772   01778   01787   01803   01810   01813
01824   01834   01839   01849   01865   01882   01890   01902
01908   01909   01916   01926   01929   01938   01944   01942
01949   01956   01953   01958   01962   01957   01953   01955
01947   01944   01941   01933   01928   01917   01915   01906
01885   01879   01868   01858   01847   01841   01824   01811
01809   01800   01781   01783   01772   01764   01764   01756
01746   01743   01742   01736   01729   01723   01722   01720
01720   01713   01709   01710   01709   01711   01710   01715
01716   01714   01720   01723   01733   01738   01744   01746
01759   01764   01774   01786   01789   01797   01806   01813
01819   01828   01844   01857   01864   01865   01877   01889
01892   01901   01915   01932   01939   01943   01956   01958
01957   01960   01956   01954   01956   01948   01941   01936
01922   01911   01908   01901   01885   01877   01867   01858
01850   01845   01837   01826   01819   01796   01795   01782
01777   01778   01769   01754   01749   01744   01736   01730
01728   01723   01726   01715   01712   01713   01713   01714
01713   01707   01711   01713   01712   01714   01721   01729
01732   01736   01743   01746   01759   01766   01776   01776
01783   01794   01812   01818   01826   01837   01842   01848
01862   01866   01875   01882   01899   01906   01911   01920
01922   01926   01937   01942   01944   01950   01948   01949
01952   01959   01958   01958   01960   01947   01950   01941
01938   01936   01922   01917   01915   01908   01882   01876
01869   01860   01848   01841   01819   01818   01808   01798
01795   01785   01771   01765   01754   01750   01739   01736
01737   01733   01725   01719   01719   01716   01718   01714
01716   01711   01709   01710   01712   01713   01719   01723
01722   01729   01735   01737   01745   01752   01754   01760
01774   01786   01798   01802   01808   01815   01829   01832
01849   01866   01874   01879   01886   01893   01897   01912
01922   01926   01930   01935   01941   01943   01946   01954
01950   01961   01962   01955   01950   01952   01952   01943
01946   01936   01918   01903   01902   01890   01877   01868
01864   01840   01832   01824   01813   01801   01793   01785
01780   01769   01768   01751   01751   01746   01739   01729
01730   01722   01720   01715   01715   01715   01716   01712
01712   01713   01710   01716   01713   01713   01721   01725
01728   01731   01737   01741   01746   01755   01772   01775
01781   01796   01798   01806   01829   01838   01848   01851
01865   01870   01874   01885   01894   01897   01918   01927
01929   01934   01941   01952   01949   01953   01959   01953
01955   01960   01960   01960   01945   01938   01930   01930
01921   01909   01904   01885   01869   01858   01851   01842
01826   01811   01801   01797   01796   01781   01769   01763
01760   01750   01740   01740   01734   01726   01727   01729
01714   01719   01720   01712   01712   01713   01713   01709
01714   01713   01714   01721   01722   01724   01734   01732
01746   01750   01760   01761   01771   01777   01798   01801
01810   01819   01822   01833   01851   01869   01881   01890
01901   01905   01916   01923   01928   01931   01940   01942
01949   01953   01947   01957   01957   01957   01955   01963
01957   01953   01953   01948   01938   01933   01931   01921
01901   01901   01892   01877   01873   01861   01841   01836
01821   01815   01812   01799   01786   01778   01766   01764
01757   01751   01752   01746   01741   01734   01724   01725
01722   01721   01718   01714   01706   01714   01713   01713
01709   01715   01716   01722   01723   01732   01734   01746
01747   01760   01763   01773   01781   01789   01796   01807
01813   01827   01839   01845   01851   01862   01865   01875
01885   01891   01905   01908   01912   01929   01941   01941
01947   01952   01956   01958   01961   01960   01954   01957
01960   01956   01960   01950   01938   01933   01925   01917
01910   01901   01895   01892   01869   01860   01850   01842
01836   01825   01805   01800   01787   01785   01779   01770
01766   01758   01755   01743   01744   01738   01732   01729
01730   01725   01716   01714   01716   01716   01709   01714
01710   01709   01706   01720   01725   01725   01731   01736
01742   01757   01762   01766   01774   01781   01790   01806
01811   01816   01826   01836   01841   01851   01866   01888
01893   01902   01910   01911   01918   01930   01931   01944
01945   01946   01953   01956   01955   01962   01964   01961
01956   01957   01948   01945   01942   01936   01928   01921
01917   01907   01890   01882   01869   01861   01847   01843
01826   01813   01811   01802   01781   01783   01774   01765
01766   01758   01748   01745   01742   01736   01730   01722
01723   01720   01720   01715   01711   01711   01712   01714
01712   01717   01718   01717   01721   01725   01736   01740
01744   01748   01759   01765   01777   01789   01793   01797
01812   01815   01825   01828   01848   01860   01864   01867
01881   01891   01896   01904   01920   01934   01941   01945
01957   01960   01959   01963   01960   01957   01957   01948
01945   01938   01924   01914   01910   01903   01889   01881
01869   01859   01854   01849   01840   01828   01819   01798
01797   01784   01780   01780   01770   01755   01751   01745
01738   01732   01728   01723   01726   01715   01714   01713
01714   01716   01713   01709   01711   01713   01716   01716
01722   01729   01734   01737   01746   01748   01761   01767
01776   01778   01787   01795   01814   01819   01830   01839
01844   01851   01866   01868   01877   01885   01904   01908
01915   01922   01924   01929   01939   01946   01945   01950
01952   01953   01954   01962   01958   01961   01960   01949
01954   01945   01942   01940   01924   01918   01917   01910
01886   01878   01873   01865   01849   01842   01824   01819
01810   01800   01795   01787   01772   01766   01756   01752
01742   01738   01738   01733   01724   01720   01719   01717
01718   01716   01716   01713   01709   01712   01714   01715
01721   01723   01723   01733   01737   01738   01746   01754
01756   01763   01778   01788   01800   01804   01809   01818
01831   01835   01851   01868   01877   01884   01889   01896
01900   01916   01926   01930   01936   01939   01943   01947
01950   01956   01954   01962   01965   01959   01954   01954
01954   01946   01948   01940   01921   01909   01904   01892
01878   01872   01866   01842   01835   01826   01815   01803
01795   01792   01780   01771   01769   01753   01754   01748
01741   01729   01730   01723   01721   01717   01715   01715
01716   01713   01713   01714   01710   01717   01714   01714
01723   01728   01729   01731   01739   01741   01748   01757
01773   01778   01782   01796   01800   01809   01832   01842
01848   01851   01865   01873   01878   01889   01896   01898
01924   01930   01932   01937   01944   01952   01953   01956
01963   01955   01958   01963   01963   01961   01947   01940
01933   01933   01925   01911   01907   01888   01873   01861
01856   01842   01828   01812   01802   01798   01796   01782
01770   01765   01760   01754   01741   01742   01735   01732
01725   01729   01716   01719   01721   01712   01712   01714
01715   01709   01716   01715   01715   01723   01726   01726
01735   01733   01748   01754   01760   01763   01771   01778
01800   01802   01811   01823   01828   01834   01856   01872
01884   01893   01903   01907   01921   01922   01928   01934
01942   01943   01956   01954   01951   01960   01961   01960
01957   01965   01960   01956   01956   01950   01941   01937
01934   01924   01905   01904   01896   01881   01876   01865
01842   01838   01826   01817   01812   01801   01784   01778
01768   01763   01757   01751   01752   01746   01741   01736
01725   01725   01722   01722   01718   01715   01708   01715
01713   01713   01710   01717   01717   01724   01723   01732
01734   01746   01748   01762   01765   01774   01782   01791
01797   01811   01815   01828   01840   01846   01854   01862
01868   01880   01886   01895   01906   01910   01913   01931
01944   01944   01948   01953   01958   01958   01964   01962
01956   01961   01964   01957   01961   01954   01939   01937
01928   01922   01910   01903   01898   01893   01872   01863
01856   01842   01840   01828   01809   01802   01790   01786
01781   01773   01766   01761   01756   01743   01747   01740
01733   01729   01730   01725   01717   01716   01716   01715
01711   01714   01711   01710   01708   01722   01729   01725
01733   01737   01745   01758   01764   01769   01774   01782
01792   01808   01813   01818   01832   01839   01845   01853
01867   01888   01895   01908   01913   01915   01922   01930
01934   01945   01947   01948   01957   01960   01957   01966
01965   01961   01957   01960   01952   01950   01945   01938
01932   01923   01920   01907   01892   01885   01872   01864
01854   01845   01828   01817   01813   01804   01781   01787
01776   01766   01766   01760   01749   01746   01742   01736
01731   01723   01725   01721   01720   01715   01712   01713
01712   01714   01713   01717   01718   01717   01722   01728
01737   01741   01746   01750   01764   01768   01779   01792
01792   01799   01814   01818   01827   01832   01849   01862
01864   01869   01883   01893   01896   01907   01922   01934
01945   01947   01961   01962   01961   01963   01962   01959
01962   01952   01946   01941   01926   01915   01913   01906
01891   01882   01872   01862   01856   01849   01842   01832
01822   01800   01800   01786   01781   01782   01771   01755
01751   01746   01738   01732   01729   01725   01726   01717
01714   01714   01714   01716   01714   01709   01713   01713
01716   01717   01723   01730   01734   01737   01747   01749
01763   01770   01776   01781   01787   01797   01817   01824
01831   01842   01844   01853   01870   01872   01879   01886
01904   01910   01917   01925   01926   01932   01941   01952
01947   01956   01954   01955   01960   01965   01962   01963
01960   01953   01955   01947   01945   01942   01928   01922
01918   01912   01889   01881   01874   01866   01852   01845
01824   01821   01812   01801   01799   01789   01773   01767
01756   01754   01742   01739   01739   01733   01725   01722
01721   01718   01718   01716   01717   01714   01710   01713
01714   01716   01722   01725   01725   01733   01738   01741
01748   01755   01756   01764   01780   01789   01801   01806
01810   01820   01831   01837   01853   01869   01877   01886
01892   01898   01901   01916   01928   01932   01936   01941
01947   01951   01953   01958   01957   01965   01966   01961
01956   01958   01957   01949   01950   01942   01922   01908
01906   01893   01882   01873   01869   01844   01837   01828
01817   01805   01797   01792   01781   01776   01769   01754
01756   01748   01741   01732   01731   01724   01721   01717
01715   01717   01717   01714   01713   01714   01710   01717
01715   01716   01723   01728   01730   01736   01741   01741
01749   01760   01774   01780   01785   01798   01801   01810
01833   01844   01850   01853   01867   01875   01878   01890
01898   01900   01926   01931   01933   01940   01946   01954
01960   01957   01963   01957   01960   01968   01964   01964
01949   01942   01936   01936   01926   01914   01909   01890
01874   01862   01857   01845   01830   01814   01804   01800
01796   01785   01771   01767   01762   01755   01742   01744
01736   01732   01727   01730   01716   01720   01721   01712
01713   01714   01715   01712   01716   01716   01716   01723
01726   01729   01734   01736   01749   01754   01761   01765
01775   01781   01800   01805   01814   01825   01828   01837
01857   01874   01888   01896   01907   01911   01924   01925
01929   01937   01943   01950   01956   01958   01955   01962
01963   01962   01960   01967   01963   01957   01958   01954
01944   01940   01935   01926   01908   01906   01896   01882
01878   01866   01846   01842   01828   01820   01812   01803
01787   01781   01770   01765   01761   01753   01752   01748
01743   01737   01726   01728   01722   01722   01718   01716
01709   01716   01714   01714   01711   01717   01718   01726
01728   01735   01737   01750   01750   01764   01768   01777
01785   01794   01797   01813   01818   01830   01842   01850
01857   01862   01869   01881   01890   01895   01909   01913
01915   01933   01946   01946   01952   01956   01961   01959
01966   01966   01958   01963   01964   01961   01963   01957
01943   01940   01931   01924   01913   01906   01900   01897
01874   01865   01856   01844   01842   01830   01810   01804
01794   01786   01783   01773   01767   01762   01757   01746
01746   01741   01734   01730   01732   01729   01717   01717
01720   01717   01711   01716   01713   01710   01709   01723
01729   01725   01737   01738   01746   01761   01764   01770
01775   01784   01794   01809   01816   01819   01832   01842
01848   01856   01869   01890   01898   01910   01915   01920
01922   01932   01937   01946   01950   01950   01959   01960
01960   01966   01969   01965   01961   01962   01954   01952
01947   01941   01936   01925   01922   01910   01895   01888
01874   01866   01854   01847   01830   01818   01814   01805
01782   01787   01778   01768   01766   01762   01750   01748
01742   01737   01732   01725   01725   01722   01720   01717
01713   01714   01714   01715   01714   01719   01718   01718
01723   01729   01736   01742   01749   01752   01765   01769
01781   01794   01794   01802   01814   01819   01829   01834
01852   01864   01866   01873   01885   01896   01900   01909
01924   01940   01947   01952   01963   01965   01963   01969
01964   01961   01962   01956   01949   01945   01928   01920]

