[ 00468   00489   00520   00556   00593   00624   00649   00673
 00701   00721   00754   00778   00791   00789   00778   00773
 00781   00789   00789   00780   00768   00751   00732   00714
 00699   00690   00693   00703   00700   00690   00687   00689
 00700   00704   00715   00714   00713   00711   00722   00726
 00730   00730   00727   00717   00706   00703   00697   00675
 00661   00649   00641   00625   00611   00611   00613   00615
 00620   00618   00611   00606   00608   00608   00607   00593
 00576   00552   00529   00501   00477   00454   00430   00403
 00378   00352   00336   00326   00319   00309   00302   00293
 00289   00279   00268   00259   00256   00249   00241   00233
 00226   00216   00216   00228   00234   00245   00259   00263
 00264   00264   00271   00270   00267   00263   00266   00266
 00268   00267   00268   00264   00261   00261   00268   00275
 00284   00292   00303   00312   00314   00316   00330   00337
 00352   00368   00386   00400   00396   00397   00397   00398
 00384   00369   00352   00336   00316   00300   00289   00286
 00300   00310   00308   00303   00306   00310   00322   00332
 00353   00374   00403   00424   00439   00450   00450   00457
 00468   00481   00487   00490   00500   00517   00537   00557
 00570   00583   00599   00608   00607   00601   00593   00587
 00580   00572   00572   00565   00548   00535   00512   00493
 00479   00462   00452   00445   00436   00425   00415   00409
 00398   00389   00380   00393   00413   00429   00440   00459
 00491   00515   00545   00572   00593   00605   00607   00607
 00616   00622   00635   00656   00676   00686   00705   00720
 00732   00745   00760   00768   00774   00785   00792   00801
 00809   00816   00817   00813   00811   00802   00791   00785
 00774   00761   00746   00730   00711   00689   00676   00672
 00669   00661   00662   00660   00666   00665   00650   00649
 00654   00659   00664   00669   00667   00658   00649   00627
 00597   00569   00551   00546   00533   00516   00506   00493
 00487   00489   00488   00482   00476   00477   00485   00502
 00517   00529   00549   00561   00569   00578   00584   00589
 00587   00584   00586   00595   00593   00593   00587   00590
 00593   00592   00586   00569   00554   00548   00538   00532
 00521   00517   00514   00495   00473   00456   00437   00417
 00397   00369   00351   00339   00330   00333   00334   00326
 00307   00293   00286   00281   00276   00273   00278   00282
 00284   00279   00274   00278   00281   00288   00298   00309
 00310   00319   00343   00371   00405   00431   00455   00478
 00492   00507   00526   00545   00567   00586   00600   00604
 00598   00597   00607   00608   00606   00601   00590   00581
 00568   00549   00548   00545   00546   00555   00564   00563
 00566   00578   00585   00598   00618   00626   00621   00615
 00615   00622   00630   00637   00634   00634   00625   00620
 00612   00605   00593   00589   00581   00567   00554   00542
 00533   00533   00532   00530   00516   00503   00497   00496
 00496   00491   00486   00481   00488   00497   00514   00532
 00555   00578   00592   00603   00619   00624   00615   00601
 00587   00581   00577   00574   00571   00587   00598   00604
 00620   00633   00642   00642   00637   00629   00619   00602
 00598   00597   00586   00576   00569   00563   00568   00571
 00572   00567   00554   00548   00540   00533   00527   00516
 00498   00486   00482   00477   00472   00460   00441   00416
 00400   00387   00375   00367   00364   00362   00356   00347
 00336   00327   00309   00299   00290   00285   00280   00277
 00273   00274   00274   00269   00270   00268   00264   00264
 00266   00266   00264   00271   00276   00272   00283   00291
 00306   00317   00327   00330   00329   00340   00353   00370
 00388   00406   00408   00424   00437   00434   00427   00416
 00420   00419   00415   00422   00424   00417   00424   00433
 00441   00461   00481   00506   00533   00550   00555   00555
 00554   00551   00546   00552   00560   00573   00588   00601
 00602   00601   00604   00604   00597   00589   00583   00578
 00574   00574   00567   00557   00539   00520   00498   00472
 00454   00433   00418   00421   00441   00464   00480   00492
 00498   00501   00498   00492   00492   00479   00464   00435
 00415   00396   00374   00350   00321   00297   00278   00265
 00253   00250   00258   00267   00276   00275   00270   00267
 00262   00251   00251   00248   00236   00235   00242   00245
 00250   00251   00264   00273   00285   00290   00293   00292
 00292   00291   00289   00292   00298   00296   00292   00294
 00300   00315   00337   00360   00380   00389   00402   00421
 00438   00442   00444   00445   00443   00445   00442   00438
 00428   00419   00411   00403   00389   00374   00369   00362
 00348   00337   00331   00333   00323   00310   00293   00276
 00271   00269   00270   00272   00274   00276   00281   00288
 00297   00300   00300   00310   00322   00328   00325   00324
 00318   00302   00281   00256   00241   00238   00238   00237
 00248   00268   00282   00287   00274   00268   00260   00249
 00253   00261   00258   00257   00263   00265   00283   00306
 00332   00358   00377   00401   00417   00428   00436   00439
 00430   00429   00434   00434   00435   00439   00444   00449
 00459   00476   00488   00498   00516   00530   00542   00558
 00571   00594   00622   00645   00659   00673   00688   00685
 00681   00667   00649   00631   00614   00596   00576   00553
 00536   00520   00495   00476   00468   00469   00470   00461
 00445   00437   00428   00430   00429   00444   00461   00489
 00507   00524   00537   00549   00566   00584   00595   00603
 00610   00619   00631   00648   00656   00649   00637   00619
 00600   00592   00581   00579   00577   00574   00569   00562
 00552   00539   00526   00521   00522   00514   00514   00512
 00506   00505   00502   00505   00505   00513   00525   00542
 00550   00552   00561   00575   00584   00583   00580   00570
 00576   00576   00572   00574   00582   00593   00595   00586
 00583   00573   00575   00585   00599   00613   00631   00649
 00666   00670   00672   00669   00666   00664   00656   00642
 00626   00606   00592   00579   00564   00553   00548   00541
 00542   00540   00549   00554   00547   00540   00537   00533
 00526   00530   00529   00518   00522   00526   00542   00549
 00550   00550   00557   00564   00570   00571   00571   00576
 00573   00568   00561   00553   00548   00538   00530   00525
 00526   00533   00536   00536   00534   00526   00515   00501
 00501   00513   00526   00528   00518   00514   00512   00509
 00505   00506   00520   00535   00558   00580   00591   00595
 00598   00602   00592   00578   00567   00554   00537   00514
 00467   00430   00404   00392   00389   00387   00376   00358
 00334   00321   00324   00322   00326   00322   00313   00306
 00318   00344   00368   00394   00421   00452   00468   00476
 00495   00516   00529   00537   00549   00551   00556   00565
 00567   00568   00561   00552   00538   00532   00530   00525
 00504   00480   00467   00452   00457   00465   00470   00475
 00481   00487   00490   00496   00499   00498   00502   00509
 00505   00508   00529   00539   00563   00584   00605   00631
 00656   00674   00692   00711   00738   00770   00789   00806
 00825   00855   00877   00897   00912   00920   00930   00939
 00944   00957   00988   01008   01017   01014   01007   00987
 00967   00953   00944   00945   00945   00934   00934   00945
 00949   00946   00947   00953   00955   00954   00953   00953
 00944   00944   00949   00942   00926   00896   00870   00841
 00822   00816   00817   00818   00829   00832   00837   00847
 00869   00893   00914   00931   00952   00973   00993   01015
 01034   01052   01077   01106   01140   01168   01179   01189
 01198   01210   01207   01202   01196   01181   01169   01152
 01135   01128   01114   01110   01116   01120   01118   01117
 01117   01114   01099   01082   01062   01051   01056   01058
 01052   01051   01050   01041   01028   01013   01008   00998
 00996   01009   01033   01049   01061   01072   01077   01081
 01085   01093   01105   01118   01128   01138   01143   01154
 01169   01195   01232   01257   01282   01306   01328   01338
 01344   01341   01334   01317   01308   01305   01300   01282
 01264   01254   01240   01227   01219   01219   01212   01210
 01205   01194   01184   01175   01175   01178   01178   01182
 01190   01186   01184   01188   01193   01190   01194   01204
 01214   01221   01229   01230   01232   01243   01259   01271
 01290   01298   01298   01289   01280   01269   01267   01269
 01280   01282   01281   01280   01270   01265   01253   01236
 01213   01194   01161   01125   01089   01053   01024   01004
 00981   00970   00968   00967   00961   00954   00959   00962
 00957   00954   00951   00942   00936   00941   00935   00928
 00921   00922   00924   00936   00952   00973   00993   01026
 01048   01066   01097   01138   01174   01198   01221   01254
 01280   01293   01298   01309   01312   01318   01324   01324
 01329   01341   01342   01345   01338   01332   01334   01336
 01338   01344   01352   01360   01366   01371   01371   01364
 01346   01325   01314   01298   01283   01267   01251   01237
 01221   01204   01195   01182   01178   01182   01192   01204
 01218   01232   01245   01253   01260   01268   01282   01282
 01282   01280   01270   01268   01262   01268   01270   01275
 01274   01280   01297   01306   01318   01330   01345   01349
 01362   01374   01388   01404   01414   01421   01430   01444
 01451   01462   01461   01459   01468   01469   01482   01488
 01494   01506   01508   01497   01480   01458   01432   01404
 01376   01345   01336   01332   01334   01341   01338   01345
 01361   01377   01387   01382   01372   01357   01352   01355
 01357   01349   01350   01348   01342   01329   01324   01325
 01328   01330   01340   01351   01360   01377   01392   01408
 01421   01440   01450   01467   01480   01496   01507   01506
 01517   01524   01525   01540   01554   01573   01592   01602
 01610   01620   01630   01646   01664   01676   01693   01704
 01709   01721   01728   01730   01727   01720   01707   01677
 01648   01638   01633   01625   01620   01609   01595   01585
 01580   01572   01562   01544   01541   01536   01522   01491
 01464   01438   01424   01409   01409   01417   01424   01433
 01442   01436   01422   01405   01389   01376   01358   01333
 01305   01285   01269   01262   01247   01237   01236   01238
 01232   01221   01218   01215   01221   01226   01232   01234
 01229   01243   01252   01256   01258   01265   01264   01269
 01286   01299   01312   01335   01357   01380   01394   01418
 01438   01449   01463   01481   01491   01509   01527   01552
 01582   01610   01642   01674   01700   01722   01731   01725
 01714   01708   01712   01718   01740   01769   01787   01808
 01829   01847   01868   01894   01906   01917   01938   01945
 01946   01946   01940   01937   01932   01924   01906   01888
 01874   01862   01852   01846   01841   01825   01798   01776
 01746   01722   01700   01680   01652   01629   01613   01591
 01581   01585   01574   01556   01549   01538   01522   01506
 01499   01500   01501   01504   01503   01511   01520   01530
 01541   01544   01537   01536   01544   01542   01541   01530
 01517   01514   01509   01509   01510   01528   01537   01529
 01530   01526   01526   01530   01536   01544   01541   01518
 01501   01493   01506   01516   01515   01516   01508   01492
 01483   01471   01462   01452   01437   01424   01425   01434
 01437   01444   01444   01441   01446   01449   01461   01468
 01470   01473   01470   01467   01479   01489   01493   01502
 01514   01523   01518   01510   01510   01510   01522   01538
 01552   01570   01590   01609   01625   01630   01630   01645
 01657   01668   01668   01666   01667   01659   01658   01653
 01656   01657   01650   01637   01628   01625   01636   01652
 01673   01685   01689   01689   01683   01677   01653   01636
 01627   01620   01609   01605   01597   01597   01600   01612
 01622   01642   01669   01676   01696   01706   01725   01737
 01739   01749   01759   01776   01797   01816   01830   01832
 01828   01818   01810   01804   01792   01783   01777   01765
 01753   01750   01762   01770   01774   01783   01789   01798
 01804   01824   01837   01856   01867   01882   01894   01897
 01906   01920   01937   01954   01968   01979   01989   01993
 01986   01997   02009   02028   02034   02034   02037   02034
 02026   02021   02006   01985   01955   01924   01906   01889
 01876   01858   01849   01834   01832   01834   01841   01856
 01872   01877   01878   01878   01886   01890   01888   01902
 01904   01906   01915   01932   01947   01952   01942   01939
 01938   01938   01941   01936   01937   01926   01939   01942
 01941   01942   01936   01913   01890   01867   01840   01810
 01789   01771   01755   01738   01723   01713   01716   01729
 01739   01754   01778   01793   01814   01830   01856   01877
 01895   01909   01925   01930   01929   01926   01928   01936
 01939   01956   01968   01981   01997   02029   02056   02080
 02097   02109   02130   02138   02148   02164   02176   02189
 02199   02203   02215   02235   02253   02269   02283   02297
 02310   02322   02336   02347   02356   02360   02354   02338
 02320   02315   02309   02295   02276   02252   02224   02192
 02160   02120   02080   02041   02005   01972   01948   01936
 01921   01905   01897   01893   01895   01898   01912   01925
 01933   01938   01938   01940   01942   01946   01956   01963
 01973   01986   02005   02026   02048   02054   02066   02080
 02086   02101   02122   02138   02152   02164   02176   02167
 02154   02141   02133   02130   02135   02145   02156   02162
 02170   02176   02169   02170   02169   02162   02167   02180
 02193   02205   02214   02226   02244   02257   02269   02289
 02304   02310   02312   02310   02304   02288   02277   02274
 02268   02262   02256   02237   02224   02201   02189   02185
 02166   02145   02138   02138   02139   02149   02160   02164
 02166   02161   02166   02165   02162   02151   02153   02142
 02124   02101   02084   02073   02068   02048   02033   02017
 01997   01989   01981   01977   01970   01975   01979   01981
 01996   02010   02026   02044   02058   02072   02081   02082
 02086   02090   02096   02106   02107   02114   02117   02112
 02109   02101   02097   02099   02116   02131   02141   02148
 02166   02185   02189   02193   02202   02208   02207   02205
 02208   02224   02249   02271   02284   02297   02310   02336
 02359   02390   02413   02435   02448   02454   02455   02455
 02453   02453   02454   02459   02460   02469   02468   02472
 02475   02483   02494   02506   02516   02517   02517   02518
 02521   02522   02530   02540   02554   02568   02581   02594
 02603   02601   02600   02602   02604   02602   02610   02618
 02631   02642   02644   02649   02657   02665   02667   02662
 02657   02669   02674   02677   02676   02688   02689   02682
 02668   02650   02637   02618   02597   02579   02560   02537
 02521   02517   02515   02521   02531   02549   02548   02540
 02537   02549   02572   02589   02603   02610   02613   02619
 02642   02654   02660   02669   02670   02675   02693   02705
 02704   02710   02714   02721   02713   02699   02681   02665
 02658   02650   02646   02649   02658   02662   02674   02679
 02688   02688   02678   02669   02666   02674   02669   02665
 02660   02657   02653   02660   02663   02666   02670   02679
 02693   02712   02730   02738   02738   02737   02726   02724
 02725   02722   02720   02705   02690   02676   02675   02676
 02677   02679   02693   02711   02725   02743   02762   02777
 02780   02772   02760   02761   02768   02779   02781   02788
 02793   02800   02796   02791   02788   02774   02765   02757
 02753   02757   02762   02756   02746   02733   02709   02684
 02664   02649   02634   02621   02614   02605   02598   02580
 02564   02548   02541   02549   02561   02578   02592   02602
 02621   02646   02672   02690   02709   02729   02753   02765
 02769   02769   02772   02779   02790   02802   02817   02820
 02829   02832   02832   02820   02820   02810   02811   02816
 02803   02789   02773   02757   02749   02753   02760   02760
 02758   02750   02747   02749   02762   02773   02784   02788
 02786   02772   02746   02721   02699   02691   02688   02683
 02704   02722   02738   02753   02761   02769   02785   02800
 02818   02832   02838   02845   02861   02869   02873   02874
 02874   02873   02880   02882   02884   02885   02884   02885
 02882   02877   02877   02880   02886   02898   02908   02922
 02954   02969   02982   02985   02986   02986   02992   02987
 02984   02978   02970   02954   02949   02950   02952   02970
 02993   03013   03026   03028   03034   03029   03037   03038
 03038   03038   03034   03021   03010   03001   03002   03016
 03035   03034   03037   03040   03038   03033   03018   03016
 03016   03014   03012   03018   03024   03024   03033   03037
 03031   03025   03024   03013   03001   02986   02970   02956
 02932   02923   02916   02916   02918   02928   02917   02909
 02896   02874   02857   02850   02834   02810   02781   02758
 02734   02714   02688   02658   02637   02610   02580   02560
 02538   02518   02514   02506   02493   02482   02481   02485
 02489   02480   02470   02464   02457   02444   02432   02423
 02423   02429   02448   02466   02486   02514   02541   02572
 02602   02630   02660   02693   02713   02731   02745   02762
 02778   02805   02823   02839   02854   02864   02871   02875
 02884   02900   02912   02914   02924   02933   02949   02965
 02989   03012   03034   03052   03072   03088   03093   03092
 03094   03090   03078   03058   03037   03021   03005   02986
 02962   02945   02939   02944   02948   02955   02965   02971
 02981   02982   02976   02976   02970   02969   02970   02981
 02994   03005   03012   03016   03028   03042   03056   03072
 03078   03090   03104   03117   03117   03125   03125   03120
 03114   03108   03092   03073   03050   03028   03005   02993
 02980   02966   02960   02957   02946   02928   02921   02918
 02918   02916   02917   02920   02919   02922   02929   02933
 02944   02960   02970   02980   02996   03016   03034   03053
 03073   03088   03090   03089   03099   03117   03141   03162
 03186   03208   03237   03268   03292   03312   03332   03361
 03397   03437   03465   03489   03506   03521   03517   03509
 03504   03488   03478   03465   03446   03429   03414   03387
 03364   03332   03297   03259   03232   03209   03179   03157
 03136   03122   03109   03097   03081   03072   03061   03065
 03080   03094   03117   03140   03157   03181   03210   03238
 03265   03285   03312   03338   03362   03380   03387   03408
 03415   03417   03410   03413   03417   03421   03434   03441
 03452   03461   03466   03482   03493   03501   03518   03530
 03532   03541   03547   03549   03541   03533   03517   03505
 03498   03490   03482   03477   03483   03485   03492   03478
 03461   03450   03445   03441   03434   03433   03430   03419
 03403   03380   03348   03312   03281   03261   03242   03226
 03220   03208   03200   03191   03194   03200   03200   03205
 03216   03223   03232   03242   03261   03274   03294   03307
 03330   03350   03370   03386   03389   03403   03422   03450
 03476   03499   03520   03537   03557   03573   03589   03602
 03625   03642   03658   03666   03675   03685   03686   03685
 03694   03712   03728   03738   03752   03764   03778   03801
 03826   03843   03848   03845   03829   03806   03786   03761
 03735   03712   03674   03642   03602   03560   03522   03478
 03442   03401   03368   03337   03300   03266   03241   03216
 03188   03157   03139   03112   03085   03065   03049   03036
 03020   03010   02998   02998   03001   02989   02976   02954
 02932   02909   02889   02870   02856   02839   02818   02817
 02818   02822   02820   02821   02816   02806   02809   02816
 02821   02822   02824   02821   02820   02820   02825   02832
 02832   02837   02854   02869   02884   02898   02917   02932
 02946   02956   02961   02965   02965   02961   02951   02940
 02948   02955   02962   02966   02967   02972   02976   02978
 02981   02988   02982   02973   02966   02961   02962   02960
 02957   02949   02953   02954   02960   02961   02964   02970
 02978   02989   02998   03005   03002   02994   02985   02980
 02982   02989   03002   03006   03010   02994   02984   02969
 02956   02933   02922   02914   02900   02881   02861   02850
 02836   02841   02852   02854   02857   02853   02854   02857
 02866   02871   02874   02866   02864   02862   02859   02849
 02836   02822   02806   02792   02768   02745   02731   02715
 02705   02696   02693   02704   02720   02738   02756   02765
 02773   02790   02818   02834   02848   02865   02880   02884
 02884   02875   02850   02829   02816   02807   02805   02812
 02820   02826   02821   02818   02816   02810   02816   02829
 02842   02857   02860   02873   02871   02876   02885   02896
 02902   02908   02907   02909   02905   02903   02907   02910
 02910   02916   02921   02918   02918   02916   02901   02888
 02872   02856   02827   02805   02778   02761   02753   02749
 02749   02753   02756   02756   02757   02752   02746   02745
 02753   02754   02757   02749   02743   02729   02710   02690
 02672   02646   02640   02644   02657   02662   02670   02682
 02697   02698   02709   02716   02724   02733   02743   02756
 02770   02784   02781   02781   02774   02768   02763   02769
 02779   02789   02789   02804   02816   02832   02833   02843
 02864   02880   02890   02896   02899   02909   02925   02950
 02977   02997   03017   03029   03034   03049   03066   03081
 03092   03094   03099   03088   03077   03074   03082   03090
 03090   03092   03105   03114   03127   03144   03152   03157
 03165   03170   03170   03165   03156   03152   03146   03141
 03136   03131   03131   03136   03136   03137   03133   03131
 03122   03094   03064   03034   02998   02973   02941   02910
 02877   02839   02794   02763   02736   02717   02708   02700
 02704   02724   02750   02781   02805   02826   02843   02861
 02885   02918   02948   02980   03001   03020   03029   03044
 03056   03061   03053   03044   03032   03021   03010   02996
 02986   02973   02967   02961   02960   02964   02960   02961
 02957   02949   02934   02916   02900   02889   02880   02885
 02896   02906   02909   02905   02901   02893   02888   02880
 02869   02853   02842   02832   02820   02805   02789   02778
 02781   02790   02806   02816   02827   02826   02820   02816
 02802   02791   02784   02782   02790   02804   02818   02824
 02841   02864   02875   02890   02897   02899   02891   02882
 02881   02882   02882   02891   02890   02880   02870   02861
 02848   02843   02834   02838   02844   02853   02865   02877
 02884   02882   02873   02861   02841   02816   02781   02757
 02733   02706   02670   02641   02621   02602   02586   02572
 02550   02530   02509   02500   02498   02495   02505   02518
 02537   02560   02576   02592   02609   02613   02610   02608
 02605   02602   02597   02592   02582   02581   02578   02570
 02569   02576   02582   02586   02594   02597   02602   02610
 02617   02632   02640   02645   02646   02653   02658   02662
 02660   02647   02647   02646   02657   02672   02676   02678
 02678   02679   02679   02683   02683   02682   02690   02710
 02731   02746   02749   02746   02742   02729   02714   02708
 02711   02721   02724   02732   02749   02768   02781   02785
 02786   02789   02794   02797   02797   02789   02774   02768
 02758   02742   02724   02710   02694   02690   02688   02688
 02679   02665   02660   02662   02662   02653   02641   02619
 02593   02570   02549   02539   02546   02548   02546   02533
 02512   02482   02465   02444   02426   02412   02394   02379
 02377   02372   02369   02358   02354   02355   02361   02365
 02370   02381   02386   02394   02414   02433   02456   02464
 02472   02473   02474   02469   02464   02464   02454   02442
 02432   02432   02434   02436   02437   02449   02457   02469
 02478   02485   02490   02482   02477   02468   02453   02436
 02418   02403   02386   02373   02374   02385   02393   02405
 02421   02429   02450   02466   02489   02512   02533   02554
 02566   02585   02594   02588   02582   02582   02581   02582
 02595   02598   02602   02592   02583   02581   02582   02583
 02592   02599   02601   02609   02615   02628   02633   02650
 02657   02665   02677   02683   02693   02693   02694   02697
 02704   02704   02698   02690   02689   02697   02699   02698
 02693   02693   02694   02697   02697   02694   02688   02670
 02649   02630   02619   02608   02597   02593   02593   02592
 02582   02587   02600   02612   02621   02628   02626   02613
 02598   02597   02594   02576   02560   02545   02519   02495
 02481   02461   02439   02437   02423   02416   02417   02413
 02406   02400   02394   02393   02392   02386   02386   02385
 02389   02397   02413   02420   02428   02440   02442   02444
 02448   02449   02442   02448   02445   02448   02455   02474
 02489   02504   02518   02531   02534   02546   02560   02561
 02568   02580   02589   02586   02585   02576   02560   02538
 02525   02522   02521   02522   02518   02517   02517   02512
 02493   02480   02465   02455   02452   02442   02428   02410
 02402   02397   02390   02387   02386   02378   02364   02350
 02341   02333   02338   02340   02345   02344   02333   02320
 02309   02295   02273   02253   02231   02210   02193   02182
 02180   02181   02181   02188   02196   02202   02201   02201
 02198   02192   02186   02176   02150   02135   02124   02125
 02129   02124   02122   02117   02114   02107   02106   02106
 02106   02103   02100   02093   02088   02077   02062   02048
 02048   02048   02053   02058   02074   02089   02098   02115
 02131   02146   02156   02164   02176   02171   02178   02176
 02170   02166   02164   02152   02138   02121   02106   02094
 02081   02064   02048   02025   02009   01990   01969   01954
 01928   01904   01890   01885   01877   01876   01876   01883
 01884   01890   01898   01914   01930   01944   01962   01988
 02020   02048   02074   02097   02117   02128   02134   02141
 02158   02178   02196   02205   02205   02209   02225   02230
 02230   02227   02233   02231   02224   02220   02221   02229
 02238   02242   02245   02242   02226   02208   02188   02169
 02156   02149   02137   02123   02112   02096   02093   02085
 02074   02066   02055   02037   02027   02015   02000   01989
 01970   01965   01952   01931   01925   01924   01930   01936
 01938   01946   01964   01979   02002   02013   02020   02021
 02016   02013   02013   02017   02026   02048   02066   02085
 02106   02116   02116   02116   02100   02071   02056   02048
 02035   02021   02005   01994   01986   01962   01938   01924
 01911   01906   01909   01911   01914   01921   01925   01949
 01977   02003   02025   02048   02056   02074   02086   02096
 02098   02093   02092   02097   02090   02077   02054   02017
 01988   01957   01922   01892   01872   01866   01865   01868
 01869   01878   01889   01911   01942   01979   02010   02037
 02048   02048   02036   02021   02010   02002   01994   01986
 01977   01962   01946   01925   01906   01877   01844   01814
 01792   01776   01773   01768   01755   01745   01742   01745
 01747   01748   01758   01764   01769   01778   01792   01801
 01801   01797   01794   01789   01784   01778   01782   01792
 01800   01814   01829   01835   01837   01846   01851   01865
 01885   01900   01902   01902   01889   01866   01849   01833
 01819   01824   01826   01832   01836   01847   01849   01846
 01842   01834   01832   01826   01821   01816   01815   01820
 01830   01842   01845   01844   01846   01858   01865   01868
 01875   01882   01885   01880   01872   01861   01847   01843
 01834   01829   01821   01801   01782   01769   01752   01744
 01733   01732   01725   01721   01718   01710   01700   01686
 01675   01673   01664   01654   01654   01653   01648   01643
 01639   01643   01644   01648   01659   01675   01684   01692
 01696   01708   01714   01718   01720   01712   01699   01687
 01684   01673   01666   01664   01668   01674   01690   01715
 01744   01765   01786   01812   01831   01838   01829   01814
 01803   01794   01781   01763   01754   01753   01771   01785
 01783   01786   01794   01808   01818   01812   01805   01802
 01796   01783   01776   01781   01780   01780   01781   01769
 01765   01776   01788   01801   01810   01813   01815   01810
 01801   01797   01792   01777   01755   01737   01725   01725
 01732   01741   01749   01752   01760   01762   01768   01772
 01770   01769   01757   01736   01714   01708   01703   01696
 01696   01706   01725   01741   01751   01761   01762   01771
 01792   01809   01811   01813   01817   01826   01835   01853
 01877   01902   01926   01943   01953   01947   01940   01936
 01932   01925   01920   01922   01909   01897   01882   01871
 01854   01834   01811   01787   01767   01751   01744   01744
 01745   01755   01757   01758   01758   01761   01773   01787
 01797   01805   01818   01814   01808   01812   01824   01827
 01841   01847   01853   01853   01852   01840   01828   01813
 01793   01772   01752   01727   01705   01693   01683   01674
 01668   01666   01668   01658   01645   01634   01628   01611
 01589   01558   01530   01510   01498   01481   01466   01453
 01445   01445   01447   01450   01454   01450   01437   01427
 01421   01402   01399   01402   01401   01405   01418   01434
 01446   01458   01468   01476   01474   01465   01447   01428
 01408   01395   01385   01367   01360   01352   01355   01360
 01350   01349   01352   01349   01353   01356   01357   01352
 01348   01344   01341   01335   01329   01318   01312   01306
 01306   01312   01309   01301   01284   01269   01257   01238
 01225   01210   01186   01166   01137   01112   01101   01100
 01115   01124   01136   01145   01153   01160   01168   01178
 01188   01189   01195   01195   01202   01210   01218   01218
 01223   01222   01220   01224   01222   01211   01202   01190
 01181   01175   01168   01153   01128   01105   01094   01092
 01099   01101   01101   01104   01104   01101   01100   01108
 01122   01134   01153   01163   01185   01208   01234   01257
 01273   01291   01310   01318   01320   01332   01347   01356
 01355   01350   01337   01329   01319   01322   01321   01303
 01289   01259   01243   01221   01194   01163   01136   01111
 01094   01079   01067   01065   01061   01063   01064   01065
 01065   01069   01072   01072   01074   01074   01076   01075
 01080   01088   01102   01114   01122   01129   01133   01130
 01126   01117   01099   01096   01095   01096   01093   01097
 01098   01099   01106   01107   01101   01084   01068   01050
 01034   01017   01008   01001   00994   00990   00981   00969
 00949   00928   00905   00878   00853   00840   00832   00826
 00830   00825   00822   00829   00836   00833   00841   00852
 00862   00882   00908   00928   00938   00943   00941   00931
 00924   00933   00946   00965   00986   00996   00993   00986
 00986   00992   00993   01002   01024   01035   01052   01072
 01092   01105   01119   01136   01133   01137   01138   01138
 01136   01138   01142   01146   01149   01142   01130   01116
 01100   01088   01074   01056   01043   01025   01006   00994]
 

