[01658   01664   01668   01672   01677   01680   01680   01680
01687   01680   01677   01678   01682   01684   01687   01692
01694   01698   01702   01706   01710   01712   01714   01716
01718   01723   01728   01733   01736   01734   01730   01724
01723   01722   01720   01719   01730   01720   01719   01716
01716   01717   01718   01718   01718   01730   01732   01735
01736   01736   01736   01732   01732   01732   01730   01728
01728   01725   01729   01730   01732   01732   01739   01740
01742   01742   01741   01738   01732   01724   01718   01713
01709   01705   01704   01700   01700   01700   01704   01706
01706   01704   01704   01704   01700   01698   01696   01693
01689   01684   01680   01674   01668   01661   01658   01656
01654   01650   01649   01649   01650   01650   01648   01645
01645   01646   01650   01655   01658   01666   01670   01674
01680   01685   01690   01696   01698   01700   01706   01706
01709   01713   01717   01720   01722   01728   01733   01738
01744   01746   01748   01749   01752   01752   01754   01756
01760   01764   01764   01766   01768   01772   01773   01772
01773   01773   01774   01774   01773   01774   01771   01774
01776   01780   01784   01786   01788   01794   01800   01805
01808   01816   01819   01826   01830   01834   01832   01829
01824   01820   01820   01826   01830   01836   01845   01856
01866   01868   01876   01881   01888   01893   01901   01908
01913   01915   01920   01924   01930   01934   01936   01936
01934   01931   01930   01928   01930   01929   01928   01926
01929   01932   01938   01942   01952   01960   01971   01978
01984   01992   01998   02002   02002   02000   01998   01997
02000   02002   02002   02000   01994   01988   01978   01966
01956   01948   01940   01936   01930   01928   01924   01923
01922   01920   01920   01920   01922   01924   01928   01926
01926   01925   01930   01936   01946   01958   01968   01974
01980   01989   01997   02005   02012   02018   02020   02021
02024   02028   02032   02034   02034   02036   02038   02048
02048   02048   02048   02050   02050   02052   02054   02056
02058   02060   02064   02065   02065   02064   02066   02066
02066   02062   02057   02056   02056   02056   02049   02048
02048   02038   02036   02029   02026   02026   02027   02029
02030   02029   02028   02029   02030   02028   02028   02026
02027   02029   02030   02034   02034   02034   02034   02030
02027   02024   02019   02013   02006   01994   01984   01970
01955   01944   01934   01926   01924   01922   01920   01920
01920   01915   01910   01909   01910   01914   01922   01930
01934   01938   01942   01946   01948   01952   01953   01952
01949   01946   01944   01941   01940   01944   01950   01954
01954   01954   01957   01961   01963   01968   01973   01980
01986   01990   01998   02010   02026   02041   02050   02053
02061   02068   02074   02077   02077   02082   02084   02084
02084   02082   02075   02070   02068   02068   02068   02072
02074   02075   02080   02080   02082   02082   02080   02080
02082   02084   02089   02091   02096   02096   02094   02098
02097   02094   02093   02093   02090   02086   02082   02076
02073   02072   02074   02074   02072   02068   02066   02066
02061   02056   02049   02048   02034   02026   02020   02011
02004   02000   02001   02000   01998   01996   01994   01992
01992   01992   01989   01988   01987   01986   01986   01981
01977   01973   01972   01974   01976   01977   01977   01982
01988   01992   01994   01996   01996   01994   01994   01992
01993   01994   01994   01994   01994   01995   02000   02002
02006   02010   02016   02018   02025   02025   02028   02032
02034   02034   02039   02048   02053   02060   02065   02073
02080   02082   02085   02086   02086   02086   02084   02078
02072   02066   02060   02054   02048   02038   02030   02026
02024   02023   02020   02020   02018   02018   02018   02022
02026   02034   02048   02050   02058   02064   02068   02071
02073   02075   02076   02078   02077   02077   02084   02084
02084   02084   02086   02090   02094   02093   02094   02094
02091   02094   02097   02100   02108   02116   02122   02130
02134   02138   02144   02146   02150   02154   02152   02148
02141   02134   02130   02128   02122   02116   02112   02106
02100   02096   02090   02086   02082   02077   02072   02069
02070   02070   02068   02066   02062   02061   02060   02058
02058   02054   02056   02058   02064   02065   02068   02072
02074   02074   02077   02074   02075   02072   02070   02072
02072   02074   02080   02082   02086   02088   02089   02092
02093   02098   02100   02102   02106   02113   02116   02117
02116   02116   02117   02117   02112   02106   02100   02091
02086   02080   02073   02070   02068   02068   02070   02074
02080   02084   02088   02090   02094   02096   02098   02100
02106   02114   02116   02120   02120   02120   02122   02122
02122   02124   02126   02126   02130   02133   02134   02138
02146   02155   02162   02161   02158   02158   02162   02164
02162   02164   02166   02171   02176   02180   02182   02185
02185   02187   02192   02198   02198   02200   02201   02198
02196   02194   02193   02194   02192   02186   02186   02182
02177   02170   02162   02154   02148   02142   02141   02140
02141   02142   02139   02138   02132   02123   02116   02106
02096   02088   02078   02070   02064   02058   02058   02057
02056   02056   02058   02056   02056   02060   02064   02064
02064   02064   02066   02066   02060   02056   02052   02052
02054   02058   02064   02072   02080   02088   02092   02096
02098   02101   02104   02103   02102   02098   02102   02102
02104   02102   02106   02108   02108   02108   02112   02122
02123   02124   02124   02122   02120   02114   02106   02100
02091   02084   02080   02076   02080   02077   02080   02082
02074   02077   02078   02080   02080   02081   02080   02077
02074   02070   02068   02068   02068   02070   02070   02074
02070   02075   02076   02073   02070   02068   02066   02066
02064   02066   02068   02070   02070   02069   02068   02069
02066   02068   02070   02068   02068   02066   02064   02058
02058   02056   02048   02035   02024   02014   02005   01997
02001   01989   01986   01984   01982   01981   01980   01982
01986   01990   01994   02000   02008   02014   02020   02025
02028   02031   02036   02048   02048   02050   02052   02052
02058   02064   02068   02074   02082   02085   02086   02082
02077   02073   02069   02068   02068   02071   02074   02074
02073   02074   02072   02070   02072   02080   02084   02090
02096   02102   02112   02120   02122   02130   02134   02139
02145   02146   02146   02146   02144   02144   02146   02149
02154   02158   02162   02162   02160   02154   02148   02142
02137   02132   02128   02124   02122   02122   02120   02116
02112   02105   02098   02096   02093   02090   02088   02086
02084   02082   02082   02080   02084   02086   02085   02085
02088   02088   02092   02098   02100   02102   02101   02102
02100   02098   02098   02098   02100   02102   02104   02108
02112   02112   02112   02112   02114   02120   02124   02130
02132   02136   02138   02145   02148   02152   02155   02152
02149   02148   02148   02144   02144   02142   02148   02134
02128   02125   02117   02121   02105   02101   02098   02091
02088   02084   02078   02074   02069   02064   02061   02062
02061   02062   02066   02071   02074   02076   02076   02074
02077   02077   02076   02074   02074   02074   02070   02070
02072   02066   02072   02066   02066   02066   02066   02060
02054   02050   02048   02048   02048   02048   02050   02050
02055   02056   02066   02056   02054   02048   02038   02030
02022   02016   02008   02000   01990   01981   01978   01972
01975   01974   01988   01984   01989   01994   02000   02004
02010   02021   02029   02036   02038   02036   02036   02036
02037   02040   02049   02038   02034   02034   02038   02038
02048   02048   02048   02048   02048   02048   02048   02039
02038   02036   02034   02030   02028   02027   02026   02025
02024   02025   02028   02033   02037   02040   02039   02048
02048   02048   02038   02034   02032   02026   02032   02026
02036   02028   02032   02036   02042   02048   02048   02048
02048   02048   02048   02034   02034   02030   02030   02034
02034   02038   02048   02048   02048   02048   02048   02048
02040   02037   02036   02037   02036   02048   02038   02036
02034   02030   02027   02026   02026   02030   02034   02034
02036   02036   02038   02038   02040   02039   02042   02053
02048   02052   02053   02058   02060   02061   02061   02064
02066   02066   02066   02066   02066   02067   02068   02077
02068   02070   02075   02078   02077   02082   02085   02085
02088   02090   02090   02092   02090   02088   02084   02076
02075   02074   02070   02066   02064   02064   02060   02058
02054   02052   02052   02052   02052   02052   02050   02052
02054   02058   02064   02073   02076   02082   02090   02096
02096   02096   02098   02098   02101   02102   02100   02098
02095   02090   02089   02084   02080   02074   02074   02074
02074   02072   02070   02070   02072   02073   02070   02064
02054   02048   02036   02026   02019   02014   02018   02005
02000   02000   01996   01994   01995   01993   01998   01988
01984   01978   01970   01965   01962   01958   01954   01953
01952   01954   01956   01954   01958   01968   01974   01977
01978   01981   01986   01990   01996   02004   02004   02010
02012   02010   02009   02008   02010   02010   02012   02006
02004   02000   01998   01997   01994   01992   01989   01996
02000   02000   02000   02000   02000   01994   01984   01981
01972   01962   01956   01948   01944   01942   01940   01938
01936   01932   01928   01921   01917   01910   01902   01896
01896   01893   01885   01884   01883   01882   01876   01868
01860   01850   01845   01840   01837   01837   01835   01835
01833   01834   01833   01832   01830   01829   01828   01824
01820   01821   01824   01820   01818   01816   01814   01814
01812   01809   01805   01800   01796   01792   01786   01782
01776   01772   01766   01764   01764   01765   01762   01758
01756   01758   01762   01764   01762   01756   01752   01750
01753   01752   01754   01756   01755   01754   01753   01752
01753   01756   01756   01764   01768   01773   01780   01786
01790   01792   01792   01792   01794   01794   01796   01794
01793   01786   01786   01785   01786   01786   01786   01786
01787   01788   01786   01794   01792   01792   01794   01794
01794   01792   01786   01786   01785   01786   01788   01788
01786   01786   01788   01790   01792   01788   01786   01787
01786   01798   01789   01792   01787   01792   01792   01794
01797   01802   01802   01804   01810   01816   01826   01830
01834   01836   01833   01828   01824   01814   01808   01808
01801   01794   01786   01782   01780   01775   01770   01764
01753   01753   01746   01738   01733   01725   01728   01725
01728   01724   01724   01721   01722   01722   01718   01718
01717   01716   01718   01722   01726   01728   01728   01728
01730   01732   01732   01734   01737   01742   01749   01754
01761   01764   01766   01768   01766   01765   01766   01766
01768   01770   01776   01780   01786   01785   01789   01792
01800   01802   01805   01805   01808   01809   01810   01804
01802   01800   01794   01790   01792   01788   01788   01786
01785   01784   01785   01787   01787   01792   01798   01804
01810   01814   01814   01810   01804   01801   01794   01786
01776   01768   01760   01754   01742   01734   01724   01716
01712   01706   01703   01703   01704   01704   01706   01707
01706   01707   01709   01714   01719   01725   01732   01740
01746   01750   01758   01766   01776   01782   01792   01797
01798   01796   01794   01789   01786   01782   01781   01780
01777   01774   01771   01770   01770   01770   01770   01774
01778   01782   01783   01782   01782   01783   01786   01788
01794   01798   01802   01805   01806   01812   01818   01824
01832   01838   01844   01845   01848   01856   01858   01860
01862   01862   01864   01865   01860   01850   01844   01840
01838   01838   01837   01834   01830   01828   01824   01817
01810   01806   01802   01796   01792   01782   01774   01769
01762   01756   01749   01742   01737   01724   01715   01710
01706   01698   01691   01685   01677   01672   01670   01666
01666   01669   01674   01681   01688   01697   01704   01710
01719   01726   01734   01741   01746   01753   01756   01757
01756   01754   01752   01752   01750   01752   01749   01742
01736   01732   01728   01722   01717   01710   01704   01700
01696   01689   01684   01680   01676   01676   01676   01675
01676   01674   01678   01680   01684   01686   01690   01690
01688   01686   01684   01682   01680   01676   01674   01674
01674   01673   01673   01674   01675   01676   01676   01680
01682   01682   01684   01686   01686   01687   01689   01690
01690   01688   01688   01686   01685   01685   01687   01690
01696   01698   01698   01696   01697   01696   01696   01692
01688   01682   01676   01669   01661   01654   01648   01642
01637   01630   01624   01614   01602   01592   01586   01578
01570   01562   01556   01552   01548   01548   01550   01554
01558   01562   01564   01570   01576   01584   01594   01606
01618   01627   01636   01642   01647   01654   01658   01664
01665   01664   01665   01666   01664   01658   01653   01649
01642   01636   01634   01632   01628   01625   01620   01618
01612   01606   01600   01596   01594   01595   01597   01600
01600   01598   01594   01592   01590   01588   01590   01589
01586   01584   01584   01581   01576   01570   01568   01564
01558   01555   01557   01556   01557   01558   01562   01561
01562   01561   01558   01556   01556   01557   01559   01560
01562   01565   01566   01562   01558   01557   01558   01564
01568   01568   01570   01572   01576   01582   01594   01602
01610   01618   01629   01641   01648   01656   01658   01664
01664   01666   01666   01661   01657   01654   01654   01654
01658   01664   01664   01668   01672   01672   01674   01678
01682   01685   01688   01690   01692   01691   01688   01682
01677   01669   01661   01654   01652   01650   01650   01646
01642   01638   01636   01634   01629   01625   01622   01618
01614   01610   01606   01602   01594   01588   01584   01579
01572   01565   01564   01564   01568   01570   01570   01570
01569   01564   01560   01554   01546   01540   01531   01520
01513   01506   01501   01498   01501   01498   01497   01494
01494   01494   01491   01491   01488   01488   01490   01490
01486   01482   01480   01477   01473   01462   01450   01441
01434   01429   01425   01418   01412   01409   01404   01402
01392   01382   01373   01365   01354   01338   01328   01316
01310   01308   01304   01298   01292   01288   01284   01281
01280   01272   01266   01258   01254   01252   01250   01250
01250   01249   01242   01236   01229   01228   01226   01225
01223   01222   01224   01224   01224   01224   01224   01225
01225   01229   01230   01232   01236   01242   01246   01250
01254   01258   01266   01272   01282   01296   01308   01318
01328   01334   01339   01345   01348   01354   01356   01356
01354   01350   01346   01344   01344   01346   01348   01345
01342   01344   01346   01346   01348   01348   01352   01356
01357   01358   01359   01364   01368   01372   01378   01380
01385   01386   01386   01385   01380   01380   01382   01380
01376   01374   01372   01367   01360   01354   01348   01344
01337   01330   01326   01322   01316   01308   01304   01298
01290   01284   01276   01272   01266   01260   01252   01242
01234   01225   01218   01209   01202   01195   01192   01188
01186   01186   01186   01186   01188   01188   01194   01198
01202   01206   01209   01212   01216   01219   01222   01225
01224   01222   01220   01218   01214   01216   01217   01214
01213   01216   01216   01218   01220   01220   01216   01211
01206   01198   01192   01184   01176   01170   01165   01158
01152   01146   01138   01134   01130   01124   01120   01115
01114   01110   01109   01114   01117   01124   01130   01138
01148   01158   01169   01177   01186   01194   01206   01220
01229   01238   01246   01256   01266   01270   01272   01270
01273   01273   01275   01280   01282   01284   01285   01285
01286   01285   01280   01280   01273   01273   01272   01270
01268   01266   01265   01265   01263   01262   01261   01259
01257   01255   01250   01245   01238   01234   01230   01229
01225   01224   01220   01220   01223   01225   01226   01226
01225   01226   01224   01226   01222   01218   01218   01222
01224   01226   01225   01222   01218   01208   01203   01200
01198   01194   01187   01178   01170   01162   01158   01154
01152   01152   01154   01156   01158   01165   01170   01174
01176   01176   01178   01178   01180   01184   01189   01194
01200   01206   01214   01223   01230   01236   01236   01240
01242   01242   01246   01250   01254   01258   01262   01266
01267   01263   01260   01258   01256   01254   01255   01261
01266   01273   01282   01283   01285   01285   01288   01290
01293   01293   01290   01288   01285   01284   01280   01280
01274   01269   01262   01255   01250   01243   01236   01230
01226   01226   01226   01227   01229   01227   01226   01226
01222   01218   01210   01203   01196   01193   01189   01184
01177   01168   01157   01152   01141   01130   01122   01114
01106   01098   01089   01078   01069   01060   01052   01048
01045   01045   01048   01052   01057   01060   01062   01066
01070   01073   01078   01078   01078   01082   01088   01090
01094   01098   01100   01100   01098   01096   01096   01096
01092   01086   01084   01085   01085   01085   01082   01078
01074   01069   01065   01063   01060   01058   01053   01056
01060   01062   01064   01064   01064   01061   01056   01050
01042   01037   01035   01030   01028   01027   01026   01024
01024   01024   01024   01016   01016   01014   01012   01009
01006   01006   01004   01001   01001   01002   01004   01006
01008   01010   01010   01014   01025   01032   01040   01046
01052   01058   01062   01066   01070   01074   01083   01096
01105   01114   01121   01128   01132   01139   01143   01146
01145   01146   01146   01142   01138   01132   01126   01121
01115   01114   01112   01108   01105   01104   01100   01102
01107   01113   01118   01125   01132   01137   01137   01136
01133   01130   01125   01117   01108   01099   01096   01092
01085   01080   01072   01064   01056   01050   01048   01048
01045   01044   01040   01038   01034   01038   01042   01046
01047   01046   01046   01046   01050   01059   01066   01066
01069   01072   01070   01067   01064   01060   01052   01044
01032   01025   01024   01009   01000   00993   00988   00983
00977   00972   00970   00970   00974   00978   00979   00980
00980   00976   00978   00979   00982   00986   00988   00989
00995   00999   01001   00999   00995   00992   00993   00994
00997   01000   01002   01007   01013   01024   01024   01024
01024   01024   01016   01013   01012   01012   01014   01016
01024   01014   01024   01024   01024   01024   01024   01024
01012   01004   01001   00998   00993   00992   00992   00994
00994   00995   00992   00988   00986   00983   00982   00978
00978   00977   00977   00974   00973   00972   00974   00973
00968   00966   00966   00966   00970   00974   00978   00982
00983   00985   00984   00978   00973   00970   00965   00962
00961   00958   00954   00951   00948   00946   00944   00946
00946   00947   00949   00952   00954   00956   00956   00956
00964   00971   00976   00978   00977   00978   00978   00976
00974   00977   00980   00982   00982   00980   00976   00969
00962   00953   00944   00936   00930   00926   00924   00921
00918   00913   00909   00906   00898   00890   00889   00890
00894   00899   00901   00902   00902   00903   00902   00900
00897   00896   00893   00890   00890   00894   00900   00907
00916   00922   00925   00930   00930   00929   00926   00925
00918   00910   00904   00900   00892   00887   00882   00878
00875   00872   00868   00861   00853   00846   00841   00837
00835   00833   00833   00834   00837   00839   00840   00842
00841   00844   00848   00852   00857   00860   00865   00866
00866   00868   00866   00866   00866   00866   00868   00869
00871   00870   00869   00870   00873   00874   00876   00878
00878   00879   00882   00882   00884   00887   00892   00892
00892   00892   00892   00897   00903   00909   00916   00918
00921   00925   00931   00938   00944   00950   00956   00962
00966   00970   00974   00973   00973   00974   00976   00978
00981   00983   00983   00987   00989   00989   00990   00992
00990   00988   00988   00989   00992   00994   00995   00995
00996   00998   01004   01008   01013   01024   01025   01026
01024   01024   01024   01013   01006   01000   00994   00990
00987   00986   00980   00971   00962   00954   00946   00944
00944   00943   00945   00946   00950   00956   00960   00960
00962   00963   00963   00964   00968   00968   00966   00968
00966   00964   00962   00964   00968   00970   00972   00973
00971   00965   00961   00956   00950   00946   00940   00933
00925   00918   00914   00910   00912   00916   00922   00930
00940   00945   00948   00950   00955   00958   00958   00960
00960   00957   00956   00956   00957   00959   00958   00956
00953   00953   00956   00958   00962   00962   00965   00965
00970   00972   00974   00980   00985   00988   00994   00994
00996   00998   01001   01002   01003   01004   01006   01007
01010   01013   01016   01024   01028   01036   01044   01049
01054   01058   01061   01060   01058   01058   01058   01060
01060   01058   01058   01056   01056   01060   01060   01061
01062   01062   01064   01060   01058   01050   01046   01042
01038   01034   01031   01029   01029   01027   01024   01024
01024   01024   01024   01028   01026   01026   01029   01032
01036   01038   01040   01038   01037   01038   01040   01044
01047   01052   01062   01073   01081   01088   01096   01100
01106   01108   01112   01114   01118   01122   01126   01131
01130   01131   01133   01137   01138   01142   01144   01146
01146   01142   01138   01134   01132   01130   01128   01128
01122   01118   01114   01112   01108   01105   01104   01101
01099   01098   01096   01092   01089   01082   01078   01073
01066   01062   01058   01054   01050   01046   01048   01048
01053   01058   01062   01068   01073   01074   01077   01078
01078   01082   01082   01084   01084   01082   01083   01085
01088   01085   01079   01072   01066   01060   01056   01050
01044   01034   01026   01017   01010   01004   00998   00994
00990   00984   00976   00971   00966   00962   00955   00949
00946   00939   00934   00930   00928   00926   00928   00931
00936   00940   00941   00946   00948   00949   00952   00953
00953   00955   00954   00951   00952   00957   00956   00959
00962   00962   00967   00970   00974   00980   00984   00989
00993   00996   00998   00998   00998   00998   00997   00996
00996   00999   01002   01004   01005   01003   01002   01002
01002   01006   01012   01024   01026   01026   01027   01024
01024   01024   01024   01024   01024   01024   01024   01024
01026   01026   01029   01032   01036   01042   01046   01050
01052   01056   01058   01066   01073   01074   01073   01070
01067   01066   01062   01060   01058   01056   01050   01040
01030   01024   01014   01008   01002   00996   00988   00987
00984   00982   00978   00973   00972   00973   00976   00980
00982   00981   00984   00987   00990   00997   01004   01012
01024   01024   01026   01033   01040   01046   01053   01060
01064   01068   01073   01078   01081   01081   01081   01078
01076   01074   01074   01073   01070   01068   01066   01060
01056   01050   01042   01032   01024   01011   01002   00992
00985   00978   00970   00964   00954   00946   00938   00926
00919   00912   00901   00889   00878   00873   00866   00862
00860   00856   00854   00850   00849   00845   00841   00842
00841   00839   00836   00835   00834   00833   00832   00832
00832   00837   00841   00845   00848   00857   00868   00883
00900   00917   00928   00944   00955   00962   00970   00977
00980   00978   00975   00970   00967   00966   00966   00968
00965   00957   00950   00945   00940   00938   00936   00936
00939   00944   00950   00953   00954   00957   00963   00968
00974   00982   00986   00990   00992   00994   00997   01002
01008   01016   01024   01030   01036   01042   01049   01053
01056   01057   01059   01064   01068   01066   01065   01062
01060   01058   01056   01052   01048   01044   01041   01037
01034   01032   01033   01030   01026   01024   01024   01024
01017   01013   01012   01013   01012   01012   01008   01006
01002   01001   00999   01000   01002   01008   01014   01024
01025   01025   01026   01030   01036   01037   01037   01040
01037   01032   01026   01024   01013   01010   01012   01011
01012   01010   01006   01002   00998   00994   00991   00987
00982   00976   00976   00978   00980   00986   00988   00995
01000   01005   01010   01024   01024   01028   01033   01038
01039   01038   01038   01035   01032   01027   01026   01024
01024   01024   01024   01024   01024   01024   01026   01028
01035   01040   01042   01045   01045   01048   01048   01050
01050   01053   01056   01058   01061   01064   01067   01073
01076   01082   01091   01097   01105   01114   01122   01125
01130   01138   01143   01146   01149   01153   01156   01158
01161   01164   01166   01168   01167   01168   01165   01162
01161   01162   01166   01169   01172   01172   01172   01172
01172   01174   01172   01170   01168   01162   01158   01154
01149   01145   01144   01144   01146   01147   01149   01152
01154   01158   01162   01166   01169   01175   01180   01188
01196   01201   01208   01216   01222   01226   01234   01236
01236   01237   01236   01236   01236   01236   01236   01234
01232   01229   01225   01220   01216   01210   01202   01196
01194   01185   01176   01165   01157   01146   01138   01128
01125   01124   01128   01132   01138   01140   01143   01146
01150   01149   01146   01142   01138   01131   01126   01120
01113   01108   01106   01104   01102   01104   01106   01112
01120   01125   01130   01133   01135   01141   01145   01148
01156   01164   01172   01178   01184   01192   01193   01194
01194   01192   01190   01187   01185   01184   01184   01178
01170   01165   01164   01164   01162   01157   01154   01152
01148   01154   01156   01160   01164   01170   01171   01176
01180   01184   01190   01197   01201   01202   01202   01200
01195   01192   01190   01192   01194   01197   01199   01204
01206   01207   01209   01212   01213   01218   01220   01222
01226   01232   01236   01242   01244   01247   01250   01253
01256   01261   01264   01268   01268   01269   01272   01271
01272   01273   01274   01271   01268   01265   01257   01250
01242   01234   01230   01226   01221   01220   01218   01217
01216   01214   01212   01214   01212   01210   01216   01218
01221   01224   01226   01226   01224   01222   01222   01220
01216   01210   01204   01201   01196   01188   01181   01173
01168   01160   01154   01146   01145   01146   01148   01148
01152   01153   01154   01156   01156   01157   01160   01162
01160   01160   01164   01166   01173   01181   01184   01191
01200   01208   01218   01228   01239   01253   01265   01275
01286   01294   01300   01306   01313   01322   01330   01336
01344   01345   01348   01346   01341   01335   01329   01322
01316   01312   01309   01308   01306   01301   01298   01296
01293   01296   01297   01294   01294   01291   01286   01284
01280   01280   01273   01273   01274   01275   01280   01280
01286   01293   01302   01308   01320   01326   01334   01340
01348   01352   01354   01361   01368   01374   01381   01387
01392   01398   01404   01409   01412   01414   01416   01413
01412   01413   01412   01410   01410   01412   01410   01403
01394   01386   01384   01382   01380   01376   01371   01370
01370   01373   01376   01378   01378   01381   01382   01382
01382   01382   01384   01386   01388   01394   01396   01396
01396   01396   01396   01392   01392   01392   01390   01392
01394   01394   01394   01396   01402   01405   01410   01417
01420   01421   01420   01420   01422   01426   01426   01427
01425   01421   01421   01422   01422   01421   01424   01424
01424   01419   01416   01412   01408   01405   01404   01408
01414   01417   01424   01428   01432   01434   01434   01434
01434   01430   01424   01418   01414   01410   01403   01400
01398   01398   01398   01399   01400   01405   01412   01418
01425   01433   01440   01446   01450   01452   01455   01456
01458   01458   01460   01462   01462   01462   01458   01454
01451   01450   01451   01454   01458   01461   01463   01464
01466   01469   01469   01473   01478   01484   01490   01494
01501   01510   01514   01520   01522   01524   01529   01536
01542   01552   01562   01574   01586   01594   01605   01613
01622   01632   01640   01646   01654   01664   01668   01670
01670   01672   01674   01677   01678   01680   01677   01676
01676   01676   01672   01668   01666   01658   01652   01647
01638   01630   01625   01625   01626   01631   01640   01644
01650   01652   01654   01654   01657   01660   01668   01676
01684   01688   01693   01698   01698   01698   01698   01700
01698   01696   01694   01696   01698   01700   01704   01704
01706   01709   01714   01720   01730   01736   01739   01742
01741   01736   01732   01725   01720   01718   01712   01706
01700   01692   01689   01684   01680   01675   01670   01659
01650   01641   01636   01636   01634   01632   01629   01628
01625   01622   01622   01618   01617   01618   01622   01626
01632   01636   01638   01642   01642   01643   01644   01640
01640   01636   01634   01632   01629   01626   01626   01626
01625   01623   01622   01622   01620   01616   01614   01613
01610   01610   01610   01606   01604   01602   01600   01594
01591   01589   01584   01578   01573   01570   01568   01565
01568   01566   01570   01576   01583   01588   01589   01589
01582   01578   01573   01570   01564   01556   01544   01536
01529   01526   01525   01527   01537   01545   01552   01558
01568   01574   01578   01580   01580   01584   01586   01586
01588   01592   01593   01596   01602   01604   01606   01610
01614   01618   01620   01622   01626   01628   01634   01636
01634   01634   01632   01628   01626   01620   01618   01618
01618   01618   01620   01620   01622   01622   01622   01627
01636   01642   01649   01654   01658   01666   01670   01678
01686   01692   01697   01698   01696   01693   01692   01690
01686   01682   01680   01674   01674   01670   01666   01660
01657   01646   01640   01634   01626   01622   01618   01616
01616   01618   01621   01626   01634   01636   01642   01650]
