a = [01557   01557   01554   01553   01549   01550   01549   01547
01549   01547   01490   01491   01490   01489   01491   01492
01493   01492   01429   01429   01429   01429   01428   01427
01428   01428   01427   01428   01381   01382   01381   01376
01377   01377   01375   01373   01373   01373   01325   01323
01325   01325   01324   01323   01326   01322   01263   01264
01265   01265   01265   01263   01262   01261   01260   01261
01209   01213   01208   01207   01207   01207   01206   01205
01161   01161   01160   01160   01158   01157   01156   01156
01157   01155   01101   01101   01101   01101   01099   01099
01099   01098   01039   01037   01038   01036   01036   01034
01033   01032   01030   01030   01005   01006   01005   01004]                                
b = reshape(a',1,96)
c = 1:96
plot (c,b)
