a = 01866  , 01866 ,  01864  , 01861 ,  01858  , 01856 ,  01853  , 01851
01846  , 01845 ,  01844  , 01843 ,  01841  , 01840 ,  01837  , 01833
01833  , 01832 ,  01826  , 01824 ,  01820  , 01818 ,  01818  , 01817
01811  , 01808 ,  01805  , 01803 ,  01798  , 01797 ,  01794  , 01794
01793  , 01789 ,  01789  , 01785 ,  01784  , 01782 ,  01779  , 01780
01778  , 01778 ,  01778  , 01774 ,  01771  , 01766 ,  01766  , 01765
01760  , 01756 ,  01753  , 01752 ,  01749  , 01745 ,  01740  , 01735
01733  , 01734 ,  01726  , 01723 ,  01720  , 01718 ,  01714  , 01710
01707  , 01702 ,  01699  , 01698 ,  01696  , 01691 ,  01688  , 01687
01685  , 01681 ,  01681  , 01676 ,  01675  , 01675 ,  01672  , 01668
01666  , 01667 ,  01664  , 01660 ,  01659  , 01657 ,  01657  , 01657
01653  , 01649 ,  01649  , 01647 ,  01647  , 01645 ,  01641  , 01637
01636  , 01636 ,  01630  , 01629 ,  01626  , 01625 ,  01622  , 01620
01619  , 01617 ,  01614  , 01612 ,  01611  , 01607 ,  01605  , 01606
01605  , 01602 ,  01602  , 01600 ,  01597  , 01597 ,  01594  , 01589
01590  , 01589 ,  01586  , 01585 ,  01580  , 01577 ,  01574  , 01573
01568  , 01565 ,  01562  , 01559 ,  01559  , 01554 ,  01547  , 01547
01546  , 01541 ,  01540  , 01537 ,  01536  , 01536 ,  01532  , 01529
01529  , 01526 ,  01524  , 01526 ,  01524  , 01521 ,  01517  , 01518
01516  , 01514 ,  01511  , 01508 ,  01508  , 01507 ,  01503  , 01501
01498  , 01495 ,  01494  , 01492 ,  01486  , 01485 ,  01483  , 01480
01477  , 01474 ,  01473  , 01472 ,  01472  , 01466 ,  01464  , 01462
01461  , 01461 ,  01459  , 01453 ,  01452  , 01454 ,  01449  , 01449
01449  , 01445 ,  01442  , 01442 ,  01437  , 01434 ,  01433  , 01429
01429  , 01427 ,  01421  , 01420 ,  01418  , 01417 ,  01414  , 01409
01409  , 01406 ,  01408  , 01403 ,  01398  , 01397 ,  01395  , 01392
01392  , 01386 ,  01385  , 01385 ,  01385  , 01381 ,  01377  , 01374
01374  , 01371 ,  01369  , 01365 ,  01365  , 01364 ,  01362  , 01361
01354  , 01354 ,  01352  , 01349 ,  01346  , 01348 ,  01342  , 01338
01339  , 01335 ,  01330  , 01329 ,  01324  , 01323 ,  01325  , 01320
01317  , 01316 ,  01314  , 01312 ,  01309  , 01309 ,  01306  , 01305
01305  , 01300 ,  01301  , 01297 ,  01296  , 01293 ,  01287  , 01285
01285  , 01282 ,  01280  , 01274 ,  01271  , 01269 ,  01269  , 01265
01259  , 01260 ,  01257  , 01253 ,  01253  , 01251 ,  01248  , 01248
01246  , 01245 ,  01242  , 01241 ,  01239  , 01238 ,  01238  , 01236
01234  , 01232 ,  01229  , 01228 ,  01225  , 01223 ,  01221  , 01219
01213  , 01213 ,  01210  , 01207 ,  01205  , 01205 ,  01197  , 01197
01194  , 01190 ,  01190  , 01187 ,  01182  , 01184 ,  01184  , 01179
01175  , 01174 ,  01169  , 01168 ,  01168  , 01164 ,  01162  , 01162
01160  , 01158 ,  01154  , 01152 ,  01152  , 01147 ,  01147  , 01145
01143  , 01140 ,  01141  , 01139 ,  01136  , 01133 ,  01133  , 01125
01125  , 01125 ,  01121  , 01121 ,  01117  , 01113 ,  01112  , 01113
01107  , 01102 ,  01102  , 01101 ,  01096  , 01092 ,  01091  , 01089
01085  , 01081 ,  01078  , 01078 ,  01077  , 01074 ,  01073  , 01072
01068  , 01066 ,  01064  , 01061 ,  01060  , 01056 ,  01057  , 01057
01050  , 01050 ,  01050  , 01049 ,  01046  , 01044 ,  01041  , 01040
01038  , 01037 ,  01034  , 01032 ,  01032  , 01028 ,  01029  , 01025
01024  , 01024 ,  01017  , 01016 ,  01013  , 01010 ,  01008  , 01006
01004  , 01001 ,  00999  , 00996 ,  00994  , 00994 ,  00989  , 00989
00986  , 00985 ,  00984  , 00983 ,  00978  , 00976 ,  00974  , 00977
00974  , 00975 ,  00974  , 00970 ,  00971  , 00968 ,  00964  , 00960
00962  , 00961 ,  00957  , 00956 ,  00951  , 00949 ,  00948  , 00942
00938  , 00934 ,  00930  , 00931 ,  00926  , 00923 ,  00918  , 00917
00913  , 00910 ,  00910  , 00906 ,  00906  , 00906 ,  00902  , 00902
00900  , 00898 ,  00900  , 00898 ,  00893  , 00891 ,  00890  , 00891
00886  , 00885 ,  00883  , 00880 ,  00881  , 00876 ,  00873  , 00873
00870  , 00869 ,  00868  , 00864 ,  00859  , 00859 ,  00859  , 00855
00854  , 00849 ,  00848  , 00847 ,  00843  , 00840 ,  00838  , 00837
00834  , 00833 ,  00832  , 00825 ,  00826  , 00825 ,  00822  , 00823
00820  , 00818 ,  00820  , 00817 ,  00811  , 00809 ,  00808  , 00806
00805  , 00805 ,  00800  , 00800 ,  00797  , 00792 ,  00792  , 00789
00786  , 00788 ,  00785  , 00785 ,  00784  , 00781 ,  00779  , 00777
00773  , 00770 ,  00770  , 00771 ,  00769  , 00769 ,  00768  , 00764
00764  , 00760 ,  00757  , 00757 ,  00755  , 00754 ,  00754  , 00753
00749  , 00746 ,  00746  , 00743 ,  00742  , 00738 ,  00737  , 00736
00737  , 00731 ,  00728  , 00727 ,  00725  , 00722 ,  00722  , 00718
00715  , 00716 ,  00715  , 00712 ,  00708  , 00706 ,  00708  , 00704
00699  , 00696 ,  00696  , 00694 ,  00695  , 00693 ,  00688  , 00689
00691  , 00688 ,  00684  , 00684 ,  00680  , 00682 ,  00681  , 00677
00675  , 00677 ,  00676  , 00672 ,  00672  , 00670 ,  00668  , 00667
00668  , 00665 ,  00663  , 00661 ,  00662  , 00661 ,  00658  , 00657
00657  , 00656 ,  00654  , 00651 ,  00650  , 00649 ,  00649  , 00645
00641  , 00641 ,  00640  , 00637 ,  00640  , 00637 ,  00633  , 00635
00635  , 00631 ,  00630  , 00628 ,  00626  , 00626 ,  00627  , 00622
00621  , 00621 ,  00621  , 00618 ,  00616  , 00613 ,  00617  , 00614
00615  , 00613 ,  00612  , 00612 ,  00612  , 00612 ,  00608  , 00608
00608  , 00605 ,  00608  , 00605 ,  00602  , 00604 ,  00602  , 00601
00599  , 00598 ,  00597  , 00596 ,  00596  , 00592 ,  00588  , 00589
00589  , 00586 ,  00584  , 00582 ,  00582  , 00580 ,  00581  , 00578
00573  , 00576 ,  00574  , 00574 ,  00568  , 00568 ,  00567  , 00566
00565  , 00567 ,  00562  , 00564 ,  00564  , 00562 ,  00560  , 00558
00558  , 00556 ,  00556  , 00555 ,  00553  , 00555 ,  00553  , 00552
00549  , 00546 ,  00545  , 00545 ,  00545  , 00541 ,  00541  , 00540
00538  , 00538 ,  00534  , 00533 ,  00532  , 00531 ,  00533  , 00531
00528  , 00528 ,  00525  , 00526 ,  00523  , 00521 ,  00524  , 00524
00525  , 00521 ,  00520  , 00520 ,  00520  , 00520 ,  00517  , 00519
00518  , 00518 ,  00520  , 00517 ,  00518  , 00518 ,  00517  , 00516
00516  , 00514 ,  00514  , 00513 ,  00515  , 00512 ,  00510  , 00512
00512  , 00512 ,  00508  , 00507 ,  00508  , 00506 ,  00507  , 00505
00503  , 00503 ,  00504  , 00503 ,  00500  , 00500 ,  00500  , 00498
00500  , 00498 ,  00494  , 00497 ,  00497  , 00497 ,  00493  , 00492
00490  , 00491 ,  00492  , 00489 ,  00489  , 00488 ,  00489  , 00486
00488  , 00486 ,  00485  , 00484 ,  00485  , 00483 ,  00484  , 00484
00482  , 00482 ,  00482  , 00483 ,  00481  , 00479 ,  00481  , 00482
00480  , 00480 ,  00479  , 00480 ,  00478  , 00481 ,  00479  , 00477
00481  , 00477 ,  00477  , 00478 ,  00475  , 00476 ,  00472  , 00474
00474  , 00474 ,  00478  , 00475 ,  00477  , 00476 ,  00472  , 00473
00469  , 00471 ,  00474  , 00473 ,  00474  , 00472 ,  00469  , 00472
00471  , 00473 ,  00472  , 00471 ,  00470  , 00469 ,  00472  , 00473
00471  , 00469 ,  00468  , 00469 ,  00471  , 00471 ,  00471  , 00469
00469  , 00467 ,  00468  , 00470 ,  00468  , 00467 ,  00466  , 00466
00468  , 00468 ,  00467  , 00465 ,  00465  , 00466 ,  00466  , 00469
00465  , 00465 ,  00462  , 00462 ,  00465  , 00464 ,  00465  , 00465
00461  , 00461 ,  00465  , 00465 ,  00465  , 00462 ,  00462  , 00460
00463  , 00466 ,  00463  , 00464 ,  00460  , 00461 ,  00464  , 00464
00464  , 00463 ,  00461  , 00461 ,  00462  , 00464 ,  00462  , 00461
00458  , 00459 ,  00462  , 00462 ,  00461  , 00464 ,  00459  , 00458
00459  , 00461 ,  00462  , 00460 ,  00460  , 00460 ,  00461  , 00463
00461  , 00459 ,  00456  , 00457 ,  00460  , 00460 ,  00461  , 00458
00456  , 00458 ,  00458  , 00459 ,  00458  , 00458 ,  00457  , 00455
00458  , 00459 ,  00459  , 00457 ,  00454  , 00455 ,  00457  , 00459
00459  , 00456 ,  00457  , 00454 ,  00457  , 00458 ,  00457  , 00456
00454  , 00454 ,  00459  , 00456 ,  00457  , 00456 ,  00454  , 00454
00455  , 00457 ,  00455  , 00454 ,  00453  , 00451 ,  00455  , 00454
00456  , 00456 ,  00453  , 00454 ,  00456  , 00456 ,  00456  , 00453
00452  , 00454 ,  00456  , 00459 ,  00457  , 00453 ,  00452  , 00453
00454  , 00453 ,  00455  , 00454 ,  00453  , 00453 ,  00456  , 00455
00455  , 00453 ,  00452  , 00452 ,  00456  , 00454 ,  00455  , 00454
00451  , 00450 ,  00452  , 00453 ,  00454  , 00453 ,  00453  , 00452
00453  , 00456 ,  00454  , 00453 ,  00450  , 00453 ,  00454  , 00455
00454  , 00454 ,  00453  , 00453 ,  00455  , 00455 ,  00452  , 00454
00453  , 00451 ,  00455  , 00455 ,  00456  , 00455 ,  00450  , 00451
00453  , 00456 ,  00457  , 00453 ,  00452  , 00451 ,  00454  , 00455
00453  , 00453 ,  00450  , 00452 ,  00453  , 00454 ,  00453  , 00452
00451  , 00453 ,  00454  , 00455 ,  00455  , 00453 ,  00451  , 00450
00453  , 00454 ,  00454  , 00453 ,  00452  , 00453 ,  00453  , 00454
00454  , 00453 ,  00453  , 00453 ,  00455  , 00458 ,  00457  , 00454
00452  , 00452 ,  00454  , 00454 ,  00457  , 00458 ,  00460  , 00459
00455  , 00452 ,  00453  , 00457 ,  00459  , 00457 ,  00456  , 00452
00455  , 00460 ,  00461  , 00458 ,  00453  , 00454 ,  00457  , 00459
00462  , 00459 ,  00457  , 00458 ,  00456  , 00461 ,  00462  , 00461
00459  , 00457 ,  00462  , 00464 ,  00465  , 00465 ,  00462  , 00458
00460  , 00465 ,  00465  , 00464 ,  00464  , 00461 ,  00461  , 00469
00469  , 00471 ,  00466  , 00464 ,  00466  , 00472 ,  00476  , 00472
00466  , 00465 ,  00468  , 00475 ,  00476  , 00472 ,  00471  , 00467
00473  , 00477 ,  00480  , 00479 ,  00476  , 00474 ,  00475  , 00483
00485  , 00482 ,  00481  , 00476 ,  00477  , 00485 ,  00489  , 00488
00485  , 00486 ,  00485  , 00487 ,  00488  , 00485 ,  00488  , 00493
00493  , 00491 ,  00486  , 00490 ,  00490  , 00490 ,  00489  , 00492
00495  , 00497 ,  00496  , 00496 ,  00493  , 00494 ,  00493  , 00495
00500  , 00501 ,  00501  , 00504 ,  00503  , 00502 ,  00500  , 00500
00502  , 00505 ,  00509  , 00509 ,  00507  , 00506 ,  00507  , 00512
00513  , 00514 ,  00513  , 00514 ,  00515  , 00514 ,  00509  , 00512
00512  , 00516 ,  00517  , 00515 ,  00514  , 00514 ,  00519  , 00520
00518  , 00519 ,  00523  , 00524 ,  00522  , 00523 ,  00524  , 00524
00528  , 00528 ,  00528  , 00528 ,  00529  , 00530 ,  00530  , 00530
00530  , 00531 ,  00534  , 00532 ,  00532  , 00531 ,  00535  , 00536
00536  , 00534 ,  00533  , 00535 ,  00538  , 00537 ,  00540  , 00542
00541  , 00542 ,  00542  , 00543 ,  00545  , 00545 ,  00547  , 00548
00548  , 00552 ,  00552  , 00553 ,  00551  , 00552 ,  00553  , 00553
00557  , 00556 ,  00555  , 00560 ,  00560  , 00561 ,  00557  , 00561
00561  , 00564 ,  00564  , 00564 ,  00565  , 00569 ,  00568  , 00569
00568  , 00571 ,  00572  , 00574 ,  00576  , 00577 ,  00575  , 00577
00580  , 00580 ,  00578  , 00580 ,  00581  , 00581 ,  00588  , 00588
00585  , 00587 ,  00589  , 00587 ,  00589  , 00593 ,  00593  , 00594
00598  , 00595 ,  00595  , 00599 ,  00597  , 00598 ,  00600  , 00602
00602  , 00604 ,  00606  , 00606 ,  00608  , 00608 ,  00610  , 00611
00611  , 00612 ,  00614  , 00617 ,  00618  , 00617 ,  00617  , 00621
00625  , 00624 ,  00623  , 00626 ,  00628  , 00629 ,  00631  , 00633
00633  , 00634 ,  00637  , 00637 ,  00637  , 00640 ,  00640  , 00642
00645  , 00645 ,  00646  , 00648 ,  00651  , 00650 ,  00651  , 00652
00653  , 00657 ,  00659  , 00658 ,  00659  , 00661 ,  00663  , 00663
00661  , 00665 ,  00667  , 00666 ,  00670  , 00671 ,  00672  , 00673
00676  , 00677 ,  00676  , 00678 ,  00680  , 00681 ,  00685  , 00684
00685  , 00689 ,  00690  , 00690 ,  00691  , 00692 ,  00696  , 00699
00700  , 00699 ,  00700  , 00702 ,  00705  , 00705 ,  00706  , 00708
00711  , 00712 ,  00716  , 00716 ,  00717  , 00718 ,  00723  , 00723
00724  , 00727 ,  00727  , 00729 ,  00731  , 00732 ,  00732  , 00733
00736  , 00737 ,  00738  , 00738 ,  00740  , 00741 ,  00742  , 00741
00742  , 00746 ,  00748  , 00750 ,  00750  , 00750 ,  00754  , 00756
00758  , 00759 ,  00759  , 00762 ,  00765  , 00766 ,  00768  , 00768
00768  , 00771 ,  00773  , 00775 ,  00773  , 00777 ,  00781  , 00779
00781  , 00781 ,  00784  , 00788 ,  00789  , 00789 ,  00793  , 00791
00797  , 00797 ,  00800  , 00800 ,  00803  , 00806 ,  00809  , 00812
00813  , 00816 ,  00818  , 00819 ,  00819  , 00820 ,  00823  , 00826
00829  , 00829 ,  00833  , 00832 ,  00834  , 00834 ,  00835  , 00839
00839  , 00843 ,  00843  , 00843 ,  00845  , 00846 ,  00848  , 00850
00850  , 00850 ,  00852  , 00856 ,  00857  , 00857 ,  00860  , 00861
00865  , 00866 ,  00869  , 00869 ,  00875  , 00878 ,  00880  , 00883
00884  , 00887 ,  00890  , 00890 ,  00891  , 00893 ,  00896  , 00899
00900  , 00901 ,  00901  , 00904 ,  00906  , 00906 ,  00908  , 00909
00910  , 00913 ,  00912  , 00916 ,  00917  , 00918 ,  00922  , 00923
00926  , 00926 ,  00928  , 00932 ,  00932  , 00936 ,  00937  , 00940
00944  , 00946 ,  00946  , 00947 ,  00950  , 00955 ,  00956  , 00960
00962  , 00965 ,  00966  , 00966 ,  00969  , 00972 ,  00976  , 00980
00980  , 00985 ,  00987  , 00989 ,  00989  , 00991 ,  00994  , 00993
00996  , 01000 ,  01000  , 01003 ,  01007  , 01005 ,  01009  , 01010
01011  , 01011 ,  01014  , 01018 ,  01024  , 01025 ,  01026  , 01027
01029  , 01028 ,  01032  , 01034 ,  01037  , 01042 ,  01041  , 01042
01048  , 01048 ,  01047  , 01050 ,  01052  , 01056 ,  01058  , 01061
01061  , 01065 ,  01068  , 01067 ,  01069  , 01072 ,  01073  , 01073
01081  , 01082 ,  01082  , 01085 ,  01089  , 01089 ,  01093  , 01092
01093  , 01096 ,  01096  , 01100 ,  01104  , 01105 ,  01109  , 01109
01110  , 01109 ,  01114  , 01114 ,  01117  , 01122 ,  01122  , 01129
01133  , 01133 ,  01135  , 01137 ,  01139  , 01140 ,  01145  , 01152
01152  , 01158 ,  01162  , 01163 ,  01163  , 01162 ,  01163  , 01168
01173  , 01175 ,  01177  , 01179 ,  01182  , 01184 ,  01185  , 01184
01184  , 01186 ,  01189  , 01192 ,  01193  , 01195 ,  01198  , 01201
01201  , 01204 ,  01206  , 01207 ,  01211  , 01215 ,  01218  , 01222
01225  , 01228 ,  01228  , 01230 ,  01229  , 01233 ,  01239  , 01241
01241  , 01243 ,  01248  , 01250 ,  01250  , 01253 ,  01253  , 01258
01259  , 01261 ,  01261  , 01265 ,  01268  , 01270 ,  01269  , 01273
01277  , 01280 ,  01281  , 01284 ,  01284  , 01288 ,  01290  , 01296
01293  , 01297 ,  01297  , 01301 ,  01304  , 01305 ,  01307  , 01309
01316  , 01319 ,  01319  , 01320 ,  01323  , 01325 ,  01329  , 01331
01334  , 01335 ,  01340  , 01344 ,  01344  , 01345 ,  01348  , 01349
01353  , 01353 ,  01356  , 01361 ,  01364  , 01364 ,  01365  , 01369
01370  , 01371 ,  01377  , 01377 ,  01380  , 01384 ,  01385  , 01389
01389  , 01390 ,  01389  , 01395 ,  01398  , 01398 ,  01404  , 01408
01411  , 01413 ,  01413  , 01416 ,  01418  , 01421 ,  01425  , 01429
01433  , 01437 ,  01444  , 01448 ,  01450  , 01451 ,  01453  , 01458
01465  , 01469 ,  01475  , 01477 ,  01477  , 01477 ,  01476  , 01477
01474  , 01476 ,  01482  , 01485 ,  01490  , 01493 ,  01493  , 01495
01495  , 01496 ,  01499  , 01498 ,  01505  , 01506 ,  01513  , 01517
01520  , 01521 ,  01524  , 01525 ,  01525  , 01529 ,  01533  , 01537
01544  , 01548 ,  01548  , 01549 ,  01547  , 01547 ,  01546  , 01547
01549  , 01552 ,  01554  , 01556 ,  01557  , 01557 ,  01555  , 01555
01556  , 01559 ,  01561  , 01563 ,  01568  , 01569 ,  01573  , 01573
01574  , 01575 ,  01577  , 01581 ,  01584  , 01588 ,  01594  , 01597
01602  , 01606 ,  01604  , 01604 ,  01605  , 01611 ,  01616  , 01620
01622  , 01625 ,  01627  , 01629 ,  01633  , 01633 ,  01637  , 01642
01642  , 01644 ,  01648  , 01653 ,  01657  , 01658 ,  01660  , 01661
01664  , 01668 ,  01673  , 01677 ,  01682  , 01687 ,  01689  , 01691
01689  , 01691 ,  01693  , 01696 ,  01697  , 01702 ,  01707  , 01712
01713  , 01716 ,  01715  , 01714 ,  01717  , 01721 ,  01724  , 01729
01732  , 01737 ,  01735  , 01738 ,  01741  , 01739 ,  01741  , 01745
01745  , 01751 ,  01754  , 01757 ,  01757  , 01761 ,  01762  , 01761
01764  , 01767 ,  01769  , 01776 ,  01778  , 01781 ,  01782  , 01787
01787  , 01788 ,  01789  , 01794 ,  01797  , 01801 ,  01805  , 01809
01812  , 01817 ,  01818  , 01817 ,  01819  , 01825 ,  01827  , 01832
01835  , 01840 ,  01842  , 01846 ,  01850  , 01850 ,  01852  , 01858
01861  , 01866 ,  01872  , 01873 ,  01876  , 01880 ,  01881  , 01880
01883  , 01885 ,  01889  , 01892 ,  01894  , 01897 ,  01900  , 01901
01904  , 01902 ,  01908  , 01909 ,  01911  , 01915 ,  01917  , 01922
01923  , 01924 ,  01925  , 01929 ,  01930  , 01932 ,  01936  , 01939
01941  , 01942 ,  01947  , 01948 ,  01953  , 01954 ,  01957  , 01957
01961  , 01964 ,  01965  , 01970 ,  01971  , 01974 ,  01980  , 01979
01982  , 01986 ,  01989  , 01991 ,  01994  , 01997 ,  02001  , 02002
02007  , 02010 ,  02013  , 02015 ,  02018  , 02024 ,  02026  , 02029
02031  , 02037 ,  02037  , 02048 ,  02048  , 02048 ,  02049  , 02050
02052  , 02054 ,  02056  , 02057 ,  02059  , 02059 ,  02060  , 02058
02061  , 02064 ,  02064  , 02065 ,  02066  , 02068 ,  02068  , 02070
02070  , 02071 ,  02074  , 02077 ,  02077  , 02082 ,  02085  , 02085
02089  , 02093 ,  02097  , 02101 ,  02103  , 02106 ,  02112  , 02113
02116  , 02118 ,  02121  , 02128 ,  02129  , 02131 ,  02133  , 02135
02137  , 02138 ,  02140  , 02144 ,  02144  , 02148 ,  02149  , 02150
02153  , 02154 ,  02155  , 02156 ,  02157  , 02160 ,  02162  , 02167
02168  , 02170 ,  02176  , 02172 ,  02171  , 02176 ,  02178  , 02180
02182  , 02187 ,  02189  , 02192 ,  02194  , 02198 ,  02201  , 02204
02209  , 02212 ,  02213  , 02217 ,  02221  , 02220 ,  02226  , 02228
02230  , 02230 ,  02236  , 02242 ,  02243  , 02247 ,  02249  , 02253
02257  , 02260 ,  02262  , 02263 ,  02266  , 02272 ,  02273  , 02276
02276  , 02276 ,  02281  , 02281 ,  02281  , 02284 ,  02284  , 02285
02288  , 02292 ,  02292  , 02292 ,  02295  , 02298 ,  02304  , 02304
02305  , 02308 ,  02309  , 02312 ,  02313  , 02315 ,  02320  , 02321
02325  , 02324 ,  02326  , 02327 ,  02328  , 02333 ,  02333  , 02333
02340  , 02343 ,  02345  , 02347 ,  02352  , 02354 ,  02356  , 02362
02365  , 02365 ,  02372  , 02373 ,  02377  , 02378 ,  02381  , 02384
02387  , 02391 ,  02393  , 02394 ,  02397  , 02402 ,  02402  , 02402
02405  , 02409 ,  02411  , 02414 ,  02417  , 02418 ,  02421  , 02427
02429  , 02427 ,  02433  , 02436 ,  02440  , 02445 ,  02444  , 02446
02449  , 02452 ,  02452  , 02456 ,  02456  , 02458 ,  02465  , 02465
02465  , 02468 ,  02471  , 02472 ,  02474  , 02472 ,  02474  , 02475
02477  , 02480 ,  02481  , 02481 ,  02482  , 02487 ,  02488  , 02487
02489  , 02493 ,  02496  , 02500 ,  02502  , 02502 ,  02506  , 02512
02512  , 02514 ,  02517  , 02519 ,  02522  , 02528 ,  02530  , 02533
02537  , 02539 ,  02541  , 02544 ,  02545  , 02548 ,  02549  , 02553
02553  , 02555 ,  02560  , 02560 ,  02564  , 02562 ,  02564  , 02566
02568  , 02576 ,  02576  , 02576 ,  02578  , 02581 ,  02581  , 02582
02587  , 02588 ,  02596  , 02598 ,  02597  , 02601 ,  02605  , 02609
02609  , 02613 ,  02612  , 02617 ,  02624  , 02625 ,  02626  , 02629
02629  , 02633 ,  02634  , 02636 ,  02640  , 02640 ,  02643  , 02645
02647  , 02645 ,  02649  , 02652 ,  02651  , 02652 ,  02654  , 02657
02661  , 02662 ,  02662  , 02666 ,  02666  , 02668 ,  02672  , 02673
02674  , 02677 ,  02681  , 02682 ,  02681  , 02688 ,  02688  , 02692
02696  , 02697 ,  02696  , 02701 ,  02705  , 02705 ,  02708  , 02708
02711  , 02715 ,  02715  , 02717 ,  02722  , 02722 ,  02725  , 02728
02729  , 02732 ,  02736  , 02738 ,  02740  , 02743 ,  02745  , 02746
02753  , 02753 ,  02754  , 02761 ,  02761  , 02765 ,  02769  , 02769
02770  , 02773 ,  02775  , 02777 ,  02782  , 02783 ,  02784  , 02789
02789  , 02793 ,  02791  , 02794 ,  02800  , 02802 ,  02805  , 02805
02807  , 02811 ,  02811  , 02816 ,  02816  , 02817 ,  02822  , 02822
02827  , 02829 ,  02832  , 02832 ,  02833  , 02832 ,  02833  , 02836
02841  , 02838 ,  02842  , 02845 ,  02841  , 02849 ,  02849  , 02850
02852  , 02855 ,  02857  , 02861 ,  02865  , 02866 ,  02869  , 02874
02873  , 02877 ,  02881  , 02884 ,  02889  , 02891 ,  02890  , 02896
02897  , 02900 ,  02902  , 02905 ,  02903  , 02906 ,  02909  , 02913
02916  , 02916 ,  02917  , 02918 ,  02922  , 02923 ,  02924  , 02925
02930  , 02931 ,  02932  , 02933 ,  02936  , 02941 ,  02940  , 02944
02946  , 02946 ,  02949  , 02953 ,  02956  , 02960 ,  02961  , 02961
02965  , 02969 ,  02970  , 02972 ,  02977  , 02978 ,  02980  , 02985
02986  , 02986 ,  02993  , 02993 ,  02993  , 02998 ,  02996  , 03001
03005  , 03006 ,  03008  , 03010 ,  03012  , 03012 ,  03015  , 03017
03019  , 03021 ,  03024  , 03026 ,  03025  , 03025 ,  03028  , 03029
03033  , 03034 ,  03037  , 03038 ,  03042  , 03045 ,  03048  , 03045
03050  , 03051 ,  03053  , 03057 ,  03060  , 03061 ,  03067  , 03069
03069  , 03073 ,  03076  , 03076 ,  03080  , 03082 ,  03084  , 03088
03089  , 03092 ,  03093  , 03093 ,  03097  , 03098 ,  03101  , 03100
03101  , 03108 ,  03106  , 03109 ,  03113  , 03113 ,  03116  , 03117
03115  , 03121 ,  03122  , 03122 ,  03125  , 03128 ,  03129  , 03132
03136  , 03136 ,  03139  , 03141 ,  03140  , 03141 ,  03145  , 03148
03152  , 03149 ,  03153  , 03157 ,  03159  , 03162 ,  03163  , 03169
03172  , 03174 ,  03177  , 03178 ,  03184  , 03188 ,  03189  , 03191
03193  , 03200 ,  03200  , 03204 ,  03205  , 03204 ,  03208  , 03208
03208  , 03212 ,  03212  , 03216 ,  03217  , 03220 ,  03219  , 03220
03221  , 03221 ,  03226  , 03226 ,  03226  , 03232 ,  03233  , 03234
03238  , 03236 ,  03241  , 03244 ,  03245  , 03248 ,  03250  , 03253
03254  , 03260 ,  03261  , 03260 ,  03266  , 03268 ,  03270  , 03274
03274  , 03277 ,  03281  , 03283 ,  03284  , 03286 ,  03286  , 03287
03293  , 03296 ,  03293  , 03297 ,  03300  , 03300 ,  03298  , 03301
03302  , 03304 ,  03308  , 03309 ,  03308  , 03312 ,  03312  , 03314
03317  , 03317 ,  03318  , 03328 ,  03328  , 03329 ,  03329  , 03330
03333  , 03336 ,  03337  , 03337 ,  03340  , 03344 ,  03345  , 03346
03345  , 03349 ,  03352  , 03353 ,  03357  , 03354 ,  03355  , 03361
03361  , 03360 ,  03361  , 03364 ,  03362  , 03365 ,  03367  , 03366
03367  , 03372 ,  03372  , 03376 ,  03378  , 03381 ,  03382  , 03392
03392  , 03393 ,  03396  , 03400 ,  03404  , 03408 ,  03408  , 03412
03413  , 03415 ,  03417  , 03417 ,  03418  , 03420 ,  03425  , 03425
03423  , 03428 ,  03427  , 03429 ,  03429  , 03428 ,  03428  , 03432
03432  , 03429 ,  03433  , 03434 ,  03435  , 03437 ,  03437  , 03437
03437  , 03442 ,  03442  , 03442 ,  03443  , 03445 ,  03449  , 03449
03450  , 03451 ,  03450  , 03456 ,  03457  , 03457 ,  03457  , 03459
03461  , 03461 ,  03465  , 03466 ,  03466  , 03469 ,  03473  , 03472
03474  , 03477 ,  03480  , 03481 ,  03481  , 03482 ,  03484  , 03488
03488  , 03488 ,  03485  , 03489 ,  03492  , 03493 ,  03492  , 03493
03493  , 03493 ,  03493  , 03493 ,  03493  , 03494 ,  03497  , 03497
03498  , 03498 ,  03497  , 03500 ,  03504  , 03501 ,  03504  , 03505
03508  , 03509 ,  03511  , 03513 ,  03511  , 03516 ,  03518  , 03517
03522  , 03524 ,  03525  , 03527 ,  03530  , 03529 ,  03529  , 03531
03536  , 03536 ,  03530  , 03536 ,  03538  , 03537 ,  03536  , 03537
03537  , 03540 ,  03541  , 03538 ,  03538  , 03541 ,  03543  , 03541
03541  , 03543 ,  03541  , 03545 ,  03547  , 03545 ,  03546  , 03549
03553  , 03550 ,  03553  , 03556 ,  03557  , 03565 ,  03572  , 03573
03573  , 03574 ,  03577  , 03577 ,  03578  , 03578 ,  03575  , 03578
03579  , 03578 ,  03581  , 03581 ,  03585  , 03581 ,  03582  , 03585
03581  , 03586 ,  03588  , 03587 ,  03588  , 03589 ,  03593  , 03590
03592  , 03590 ,  03589  , 03589 ,  03590  , 03589 ,  03593  , 03596
03597  , 03594 ,  03596  , 03597 ,  03597  , 03600 ,  03600  , 03601
03601  , 03604 ,  03605  , 03605 ,  03605  , 03605 ,  03605  , 03606
03609  , 03609 ,  03609  , 03610 ,  03613  , 03610 ,  03613  , 03613
03613  , 03616 ,  03616  , 03613 ,  03616  , 03620 ,  03621  , 03618
03618  , 03620 ,  03617  , 03620 ,  03620  , 03618 ,  03621  , 03621
03621  , 03621 ,  03620  , 03622 ,  03621  , 03621 ,  03622  , 03621
03623  , 03624 ,  03624  , 03621 ,  03622  , 03626 ,  03624  , 03625
03626  , 03625 ,  03626  , 03627 ,  03628  , 03626 ,  03627  , 03632
03627  , 03627 ,  03629  , 03628 ,  03629  , 03629 ,  03632  , 03632
03632  , 03633 ,  03629  , 03632 ,  03632  , 03629 ,  03633  , 03633
03636  , 03632 ,  03633  , 03634 ,  03633  , 03634 ,  03633  , 03633
03636  , 03636 ,  03636  , 03636 ,  03635  , 03637 ,  03634  , 03636
03637  , 03633 ,  03637  , 03637 ,  03637  , 03636 ,  03637  , 03637
03637  , 03637 ,  03637  , 03637 ,  03638  , 03638 ,  03639  , 03637
03637  , 03639 ,  03639  , 03640 ,  03641  , 03639 ,  03639  , 03641
03639  , 03639 ,  03639  , 03641 ,  03639  , 03642 ,  03642  , 03639
03642  , 03641 ,  03642  , 03641 ,  03641  , 03644 ,  03642  , 03648
03645  , 03644 ,  03648  , 03644 ,  03643  , 03643 ,  03641  , 03648
03643  , 03648 ,  03648  , 03643 ,  03648  , 03648 ,  03649  , 03643
03648  , 03648 ,  03648  , 03644 ,  03648  , 03648 ,  03648  , 03648
03649  , 03648 ,  03648  , 03649 ,  03648  , 03649 ,  03648  , 03648
03648  , 03649 ,  03652  , 03649 ,  03649  , 03652 ,  03649  , 03652
03650  , 03648 ,  03650  , 03649 ,  03650  , 03650 ,  03649  , 03650
03649  , 03650 ,  03652  , 03650 ,  03652  , 03650 ,  03650  , 03650
03650  , 03652 ,  03649  , 03652 ,  03652  , 03652 ,  03652  , 03650
03653  , 03652 ,  03652  , 03652 ,  03650  , 03650 ,  03652  , 03652
03652  , 03652 ,  03653  , 03650 ,  03652  , 03652 ,  03652  , 03652
03653  , 03651 ,  03653  , 03653 ,  03653  , 03652 ,  03653  , 03653
03652  , 03653 ,  03652  , 03650 ,  03652  , 03652 ,  03652  , 03652
03652  , 03654 ,  03650  , 03653 ,  03653  , 03653 ,  03653  , 03653
03656  , 03653 ,  03652  , 03654 ,  03651  , 03653 ,  03653  , 03653
03654  , 03653 ,  03653  , 03653 ,  03653  , 03654 ,  03653  , 03653
03653  , 03652 ,  03653  , 03653 ,  03656  , 03653 ,  03653  , 03653
03652  , 03653 ,  03652  , 03652 ,  03653  , 03653 ,  03653  , 03652
03653  , 03653 ,  03653  , 03653 ,  03653  , 03653 ,  03653  , 03653
03656  , 03652 ,  03650  , 03652 ,  03652  , 03653 ,  03652  , 03653
03654  , 03652 ,  03653  , 03652 ,  03652  , 03652 ,  03652  , 03652
03653  , 03652 ,  03654  , 03653 ,  03653  , 03652 ,  03652  , 03652
03650  , 03652 ,  03653  , 03652 ,  03653  , 03653 ,  03652  , 03652
03650  , 03650 ,  03649  , 03650 ,  03652  , 03652 ,  03650  , 03652
03652  , 03648 ,  03648  , 03650 ,  03648  , 03649 ,  03649  , 03648
03650  , 03649 ,  03650  , 03649 ,  03649  , 03648 ,  03643  , 03648
03648  , 03648 ,  03648  , 03648 ,  03649  , 03648 ,  03648  , 03648
03642  , 03642 ,  03645  , 03642 ,  03644  , 03645 ,  03648  , 03645
03648  , 03644 ,  03639  , 03641 ,  03638  , 03637 ,  03638  , 03639
03641  , 03641 ,  03642  , 03638 ,  03635  , 03633 ,  03634  , 03632
03633  , 03634 ,  03634  , 03634 ,  03636  , 03633 ,  03628  , 03627
03625  , 03626 ,  03632  , 03629 ,  03632  , 03632 ,  03629  , 03629
03624  , 03624 ,  03622  , 03623 ,  03625  , 03626 ,  03625  , 03624
03622  , 03622 ,  03620  , 03620 ,  03617  , 03617 ,  03620  , 03618
03618  , 03617 ,  03616  , 03616 ,  03610  , 03610 ,  03611  , 03611
03613  , 03613 ,  03611  , 03610 ,  03610  , 03610 ,  03609  , 03607
03605  , 03605 ,  03605  , 03606 ,  03609  , 03606 ,  03605  , 03605
03601  , 03601 ,  03601  , 03601 ,  03601  , 03604 ,  03601  , 03601
03600  , 03600 ,  03594  , 03593 ,  03593  , 03593 ,  03593  , 03594
03593  , 03593 ,  03592  , 03591 ,  03588  , 03588 ,  03586  , 03583
03589  , 03589 ,  03593  , 03589 ,  03589  , 03588 ,  03582  , 03581
03581  , 03585 ,  03588  , 03589 ,  03586  , 03585 ,  03582  , 03582
03580  , 03577 ,  03577  , 03575 ,  03578  , 03575 ,  03579  , 03573
03573  , 03570 ,  03565  , 03568 ,  03565  , 03563 ,  03565  , 03565
03565  , 03563 ,  03561  , 03561 ,  03557  , 03556 ,  03557  , 03557
03559  , 03559 ,  03561  , 03560 ,  03558  , 03557 ,  03556  , 03556
03556  , 03553 ,  03556  , 03557 ,  03556  , 03553 ,  03552  , 03549
03545  , 03545 ,  03541  , 03542 ,  03542  , 03541 ,  03541  , 03540
03540  , 03538 ,  03530  , 03531 ,  03530  , 03531 ,  03533  , 03532
03536  , 03533 ,  03533  , 03530 ,  03528  , 03525 ,  03525  , 03525
03528  , 03529 ,  03530  , 03529 ,  03528  , 03525 ,  03520  , 03515
03513  , 03512 ,  03514  , 03514 ,  03516  , 03513 ,  03510  , 03509
03505  , 03501 ,  03501  , 03501 ,  03504  , 03504 ,  03504  , 03501
03498  , 03495 ,  03489  , 03489 ,  03488  , 03488 ,  03489  , 03491
03490  , 03488 ,  03485  , 03482 ,  03477  , 03477 ,  03476  , 03477
03478  , 03477 ,  03478  , 03477 ,  03474  , 03472 ,  03467  , 03465
03465  , 03466 ,  03466  , 03466 ,  03466  , 03464 ,  03461  , 03460
03458  , 03456 ,  03456  , 03456 ,  03456  , 03453 ,  03456  , 03451
03450  , 03448 ,  03445  , 03441 ,  03441  , 03441 ,  03441  , 03442
03440  , 03440 ,  03437  , 03434 ,  03429  , 03428 ,  03428  , 03428
03425  , 03428 ,  03428  , 03428 ,  03423  , 03421 ,  03415  , 03413
03414  , 03415 ,  03414  , 03417 ,  03414  , 03413 ,  03410  , 03409
03401  , 03400 ,  03398  , 03397 ,  03400  , 03401 ,  03401  , 03397
03397  , 03393 ,  03389  , 03385 ,  03381  , 03381 ,  03382  , 03383
03381  , 03380 ,  03377  , 03373 ,  03368  , 03364 ,  03364  , 03365
03365  , 03365 ,  03366  , 03365 ,  03362  , 03360 ,  03354  , 03353
03350  , 03355 ,  03355  , 03357 ,  03355  , 03354 ,  03354  , 03349
03346  , 03345 ,  03345  , 03344 ,  03345  , 03345 ,  03346  , 03344
03340  , 03337 ,  03333  , 03329 ,  03329  , 03328 ,  03329  , 03328
03328  , 03328 ,  03321  , 03317 ,  03311  , 03309 ,  03309  , 03306
03306  , 03309 ,  03306  , 03305 ,  03304  , 03298 ,  03293  , 03287
03287  , 03286 ,  03285  , 03286 ,  03286  , 03284 ,  03281  , 03274
03269  , 03266 ,  03266  , 03265 ,  03265  , 03268 ,  03266  , 03265
03261  , 03257 ,  03253  , 03249 ,  03249  , 03249 ,  03249  , 03250
03249  , 03249 ,  03246  , 03242 ,  03237  , 03236 ,  03234  , 03237
03239  , 03241 ,  03241  , 03238 ,  03237  , 03233 ,  03228  , 03223
03225  , 03223 ,  03223  , 03225 ,  03222  , 03220 ,  03216  , 03209
03204  , 03200 ,  03200  , 03200 ,  03200  , 03200 ,  03194  , 03190
03189  , 03181 ,  03178  , 03176 ,  03174  , 03177 ,  03177  , 03177
03177  , 03173 ,  03172  , 03167 ,  03164  , 03159 ,  03157  , 03158
03159  , 03159 ,  03157  , 03156 ,  03152  , 03146 ,  03141  , 03138
03140  , 03138 ,  03137  , 03138 ,  03137  , 03137 ,  03130  , 03125
03122  , 03120 ,  03115  , 03117 ,  03117  , 03116 ,  03114  , 03113
03110  , 03104 ,  03100  , 03093 ,  03093  , 03092 ,  03093  , 03093
03092  , 03089 ,  03088  , 03081 ,  03076  , 03072 ,  03072  , 03071
03072  , 03073 ,  03071  , 03069 ,  03066  , 03061 ,  03057  , 03052
03051  , 03051 ,  03052  , 03053 ,  03053  , 03051 ,  03046  , 03038
03034  , 03029 ,  03029  , 03030 ,  03030  , 03031 ,  03029  , 03026
03024  , 03017 ,  03012  , 03009 ,  03005  , 03005 ,  03009  , 03006
03005  , 03003 ,  03000  , 02994 ,  02988  , 02984 ,  02982  , 02983
02986  , 02986 ,  02983  , 02981 ,  02977  , 02970 ,  02967  , 02965
02961  , 02964 ,  02964  , 02964 ,  02965  , 02965 ,  02962  , 02955
02954  , 02950 ,  02949  , 02950 ,  02950  , 02950 ,  02950  , 02948
02944  , 02937 ,  02930  , 02928 ,  02921  , 02923 ,  02921  , 02921
02918  , 02917 ,  02909  , 02901 ,  02897  , 02893 ,  02891  , 02891
02892  , 02892 ,  02891  , 02889 ,  02884  , 02878 ,  02873  , 02870
02869  , 02871 ,  02871  , 02873 ,  02873  , 02871 ,  02868  , 02864
02858  , 02855 ,  02853  , 02854 ,  02856  , 02855 ,  02853  , 02854
02849  , 02841 ,  02834  , 02832 ,  02829  , 02832 ,  02829  , 02828
02828  , 02824 ,  02817  , 02812 ,  02807  , 02805 ,  02801  , 02803
02804  , 02805 ,  02805  , 02802 ,  02794  , 02790 ,  02787  , 02782
02781  , 02781 ,  02781  , 02779 ,  02781  , 02778 ,  02772  , 02769
02764  , 02762 ,  02757  , 02757 ,  02757  , 02758 ,  02758  , 02756
02749  , 02744 ,  02741  , 02737 ,  02736  , 02736 ,  02733  , 02732
02733  , 02728 ,  02724  , 02717 ,  02713  , 02709 ,  02706  , 02706
02705  , 02704 ,  02704  , 02701 ,  02694  , 02690 ,  02688  , 02683
02680  , 02682 ,  02688  , 02684 ,  02688  , 02688 ,  02681  , 02678
02672  , 02669 ,  02665  , 02662 ,  02661  , 02657 ,  02653  , 02647
02641  , 02634 ,  02628  , 02628 ,  02624  , 02621 ,  02620  , 02619
02615  , 02614 ,  02605  , 02600 ,  02594  , 02589 ,  02586  , 02583
02583  , 02585 ,  02585  , 02582 ,  02579  , 02577 ,  02573  , 02573
02573  , 02573 ,  02570  , 02573 ,  02576  , 02573 ,  02572  , 02566
02564  , 02564 ,  02562  , 02560 ,  02560  , 02561 ,  02560  , 02556
02549  , 02546 ,  02541  , 02541 ,  02539  , 02537 ,  02534  , 02533
02533  , 02526 ,  02525  , 02519 ,  02516  , 02513 ,  02512  , 02509
02509  , 02512 ,  02509  , 02509 ,  02505  , 02501 ,  02496  , 02494
02493  , 02491 ,  02491  , 02490 ,  02489  , 02485 ,  02482  , 02480
02473  , 02469 ,  02469  , 02465 ,  02464  , 02466 ,  02462  , 02458
02453  , 02449 ,  02442  , 02441 ,  02438  , 02436 ,  02433  , 02432
02429  , 02422 ,  02420  , 02417 ,  02410  , 02408 ,  02405  , 02403
02402  , 02402 ,  02399  , 02396 ,  02391  , 02388 ,  02384  , 02380
02379  , 02378 ,  02374  , 02377 ,  02375  , 02370 ,  02369  , 02364
02358  , 02357 ,  02357  , 02356 ,  02354  , 02357 ,  02354  , 02352
02349  , 02345 ,  02341  , 02340 ,  02337  , 02337 ,  02334  , 02336
02332  , 02329 ,  02326  , 02321 ,  02317  , 02314 ,  02312  , 02309
02306  , 02308 ,  02304  , 02304 ,  02295  , 02289 ,  02286  , 02281
02279  , 02274 ,  02269  , 02272 ,  02266  , 02262 ,  02258  , 02253
02252  , 02248 ,  02245  , 02241 ,  02240  , 02241 ,  02237  , 02236
02233  , 02229 ,  02229  , 02223 ,  02224  , 02221 ,  02217  , 02217
02216  , 02213 ,  02210  , 02205 ,  02203  , 02198 ,  02196  , 02192
02192  , 02189 ,  02185  , 02181 ,  02180  , 02176 ,  02170  , 02166
02162  , 02162 ,  02157  , 02157 ,  02153  , 02151 ,  02148  , 02144
02144  , 02139 ,  02139  , 02137 ,  02133  , 02134 ,  02133  , 02130
02129  , 02124 ,  02124  , 02121 ,  02120  , 02116 ,  02113  , 02113
02109  , 02108 ,  02105  , 02101 ,  02102  , 02100 ,  02096  , 02093
02090  , 02087 ,  02084  , 02081 ,  02077  , 02073 ,  02069  , 02065
02064  , 02059 ,  02054  , 02052 ,  02049  , 02048 ,  02048  , 02048
02037  , 02036 ,  02036  , 02035 ,  02034  , 02034 ,  02032  , 02032
02033  , 02032 ,  02032  , 02033 ,  02029  , 02029 ,  02028  , 02025
02025  , 02021 ,  02021  , 02020 ,  02017  , 02016 ,  02012  , 02009
02004  , 02002 ,  02000  , 01995 ,  01989  , 01989 ,  01983  , 01980
01975  , 01972 ,  01969  , 01963 ,  01961  , 01957 ,  01952  , 01949
01949  , 01947 ,  01945  , 01943 ,  01942  , 01939 ,  01937  , 01936
01934  , 01936 ,  01932  , 01932 ,  01930  , 01926 ,  01925  , 01922
01920  , 01917 ,  01914  , 01913 ,  01913  , 01913 ,  01909  , 01908
01905  , 01900 ,  01897  , 01894 ,  01892  , 01892 ,  01886  , 01885
01882  , 01877 ,  01875  , 01869 ,  01863  , 01860 ,  01860  , 01856]
b = reshape (a',1,4000)
c = 1:4000
plot (c,b)



