a = [00554  , 00555 ,  00556  , 00557 ,  00558  , 00559 ,  00560  , 00560
00562  , 00563 ,  00563  , 00564 ,  00565  , 00567 ,  00567  , 00568
00569  , 00570 ,  00572  , 00572 ,  00573  , 00574 ,  00576  , 00576
00577  , 00578 ,  00580  , 00580 ,  00580  , 00582 ,  00584  , 00585
00585  , 00586 ,  00587  , 00589 ,  00589  , 00590 ,  00591  , 00593
00594  , 00595 ,  00596  , 00596 ,  00598  , 00599 ,  00601  , 00601
00603  , 00605 ,  00605  , 00606 ,  00608  , 00609 ,  00610  , 00612
00612  , 00613 ,  00614  , 00614 ,  00617  , 00618 ,  00619  , 00620
00620  , 00621 ,  00622  , 00623 ,  00624  , 00625 ,  00626  , 00629
00629  , 00630 ,  00631  , 00632 ,  00633  , 00633 ,  00635  , 00635
00637  , 00637 ,  00640  , 00640 ,  00642  , 00643 ,  00644  , 00645
00646  , 00646 ,  00649  , 00650 ,  00651  , 00652 ,  00653  , 00654
00656  , 00657 ,  00659  , 00661 ,  00662  , 00664 ,  00665  , 00666
00667  , 00670 ,  00671  , 00674 ,  00674  , 00676 ,  00677  , 00678
00681  , 00681 ,  00682  , 00683 ,  00686  , 00687 ,  00688  , 00690
00692  , 00693 ,  00694  , 00695 ,  00695  , 00697 ,  00699  , 00701
00701  , 00704 ,  00705  , 00706 ,  00708  , 00709 ,  00711  , 00713
00713  , 00715 ,  00717  , 00719 ,  00720  , 00722 ,  00721  , 00724
00725  , 00727 ,  00728  , 00730 ,  00731  , 00732 ,  00734  , 00736
00738  , 00739 ,  00740  , 00742 ,  00743  , 00745 ,  00746  , 00748
00749  , 00751 ,  00752  , 00754 ,  00755  , 00757 ,  00758  , 00759
00761  , 00763 ,  00764  , 00768 ,  00768  , 00770 ,  00771  , 00773
00774  , 00776 ,  00777  , 00779 ,  00781  , 00783 ,  00785  , 00786
00788  , 00788 ,  00790  , 00793 ,  00794  , 00796 ,  00797  , 00800
00801  , 00803 ,  00804  , 00806 ,  00807  , 00809 ,  00811  , 00812
00813  , 00815 ,  00818  , 00818 ,  00820  , 00822 ,  00823  , 00825
00826  , 00828 ,  00830  , 00833 ,  00834  , 00834 ,  00837  , 00839
00841  , 00841 ,  00843  , 00845 ,  00848  , 00849 ,  00850  , 00851
00853  , 00854 ,  00856  , 00858 ,  00859  , 00861 ,  00862  , 00864
00865  , 00866 ,  00868  , 00869 ,  00870  , 00873 ,  00874  , 00876
00877  , 00878 ,  00880  , 00882 ,  00883  , 00886 ,  00887  , 00890
00891  , 00893 ,  00895  , 00898 ,  00900  , 00902 ,  00905  , 00906
00909  , 00912 ,  00914  , 00916 ,  00917  , 00919 ,  00921  , 00922
00925  , 00927 ,  00928  , 00931 ,  00933  , 00934 ,  00937  , 00938
00939  , 00941 ,  00943  , 00945 ,  00947  , 00949 ,  00950  , 00952
00954  , 00956 ,  00957  , 00959 ,  00961  , 00962 ,  00964  , 00967
00968  , 00969 ,  00972  , 00973 ,  00975  , 00976 ,  00978  , 00980
00982  , 00985 ,  00986  , 00987 ,  00990  , 00993 ,  00993  , 00996
00997  , 01000 ,  01001  , 01002 ,  01004  , 01006 ,  01010  , 01010
01013  , 01015 ,  01017  , 01024 ,  01024  , 01024 ,  01026  , 01029
01029  , 01031 ,  01032  , 01035 ,  01037  , 01039 ,  01041  , 01042
01046  , 01046 ,  01049  , 01050 ,  01052  , 01054 ,  01057  , 01058
01060  , 01062 ,  01064  , 01065 ,  01067  , 01069 ,  01072  , 01073
01076  , 01077 ,  01081  , 01082 ,  01084  , 01088 ,  01089  , 01091
01093  , 01096 ,  01098  , 01100 ,  01101  , 01104 ,  01105  , 01108
01111  , 01112 ,  01114  , 01117 ,  01117  , 01120 ,  01122  , 01123
01126  , 01127 ,  01129  , 01130 ,  01133  , 01134 ,  01136  , 01139
01141  , 01143 ,  01145  , 01148 ,  01152  , 01154 ,  01156  , 01156
01160  , 01162 ,  01163  , 01168 ,  01169  , 01172 ,  01174  , 01178
01178  , 01181 ,  01183  , 01186 ,  01189  , 01190 ,  01193  , 01196
01198  , 01200 ,  01202  , 01205 ,  01207  , 01209 ,  01211  , 01213
01216  , 01218 ,  01221  , 01222 ,  01224  , 01227 ,  01229  , 01230
01234  , 01236 ,  01237  , 01240 ,  01242  , 01243 ,  01245  , 01247
01250  , 01252 ,  01254  , 01257 ,  01258  , 01261 ,  01264  , 01266
01269  , 01273 ,  01275  , 01280 ,  01282  , 01285 ,  01289  , 01291
01293  , 01297 ,  01298  , 01302 ,  01305  , 01307 ,  01309  , 01313
01314  , 01317 ,  01319  , 01322 ,  01324  , 01325 ,  01327  , 01329
01331  , 01333 ,  01335  , 01337 ,  01338  , 01340 ,  01344  , 01346
01346  , 01349 ,  01350  , 01353 ,  01355  , 01356 ,  01358  , 01362
01364  , 01365 ,  01368  , 01369 ,  01373  , 01375 ,  01378  , 01380
01381  , 01385 ,  01386  , 01389 ,  01390  , 01393 ,  01396  , 01398
01399  , 01404 ,  01405  , 01406 ,  01409  , 01411 ,  01413  , 01415
01417  , 01419 ,  01421  , 01424 ,  01424  , 01426 ,  01429  , 01429
01431  , 01433 ,  01434  , 01436 ,  01440  , 01441 ,  01444  , 01446
01448  , 01450 ,  01453  , 01455 ,  01460  , 01461 ,  01465  , 01468
01469  , 01474 ,  01476  , 01478 ,  01481  , 01483 ,  01486  , 01488
01491  , 01493 ,  01496  , 01499 ,  01500  , 01502 ,  01506  , 01509
01510  , 01513 ,  01514  , 01517 ,  01521  , 01522 ,  01524  , 01526
01530  , 01531 ,  01533  , 01536 ,  01539  , 01541 ,  01544  , 01546
01547  , 01552 ,  01553  , 01556 ,  01557  , 01561 ,  01563  , 01565
01569  , 01570 ,  01573  , 01575 ,  01578  , 01580 ,  01582  , 01585
01587  , 01590 ,  01593  , 01595 ,  01597  , 01601 ,  01603  , 01606
01609  , 01611 ,  01613  , 01616 ,  01618  , 01621 ,  01622  , 01625
01627  , 01630 ,  01632  , 01635 ,  01638  , 01641 ,  01642  , 01645
01647  , 01650 ,  01653  , 01654 ,  01657  , 01661 ,  01664  , 01666
01669  , 01671 ,  01673  , 01676 ,  01680  , 01682 ,  01685  , 01688
01690  , 01693 ,  01695  , 01698 ,  01700  , 01702 ,  01704  , 01707
01709  , 01713 ,  01715  , 01717 ,  01720  , 01722 ,  01724  , 01728
01732  , 01734 ,  01737  , 01741 ,  01744  , 01748 ,  01750  , 01754
01757  , 01761 ,  01764  , 01766 ,  01770  , 01772 ,  01776  , 01778
01781  , 01782 ,  01785  , 01787 ,  01790  , 01793 ,  01795  , 01797
01800  , 01802 ,  01804  , 01808 ,  01809  , 01811 ,  01813  , 01815
01818  , 01821 ,  01824  , 01826 ,  01828  , 01832 ,  01832  , 01835
01837  , 01842 ,  01844  , 01846 ,  01849  , 01851 ,  01856  , 01856
01858  , 01861 ,  01864  , 01867 ,  01869  , 01872 ,  01876  , 01877
01879  , 01882 ,  01883  , 01888 ,  01890  , 01892 ,  01895  , 01898
01901  , 01903 ,  01906  , 01908 ,  01910  , 01914 ,  01915  , 01918
01922  , 01925 ,  01926  , 01929 ,  01931  , 01934 ,  01937  , 01940
01942  , 01945 ,  01948  , 01949 ,  01953  , 01956 ,  01957  , 01961
01963  , 01965 ,  01968  , 01972 ,  01972  , 01975 ,  01977  , 01979
01984  , 01986 ,  01989  , 01992 ,  01994  , 01997 ,  02000  , 02002
02004  , 02006 ,  02008  , 02010 ,  02013  , 02017 ,  02017  , 02019
02022  , 02025 ,  02027  , 02028 ,  02030  , 02034 ,  02036  , 02037
02039  , 02041 ,  02048  , 02048 ,  02049  , 02050 ,  02052  , 02054
02056  , 02059 ,  02061  , 02064 ,  02067  , 02068 ,  02072  , 02074
02075  , 02078 ,  02081  , 02084 ,  02086  , 02089 ,  02092  , 02094
02097  , 02099 ,  02101  , 02104 ,  02105  , 02112 ,  02112  , 02113
02116  , 02118 ,  02121  , 02122 ,  02125  , 02128 ,  02129  , 02131
02133  , 02134 ,  02138  , 02140 ,  02141  , 02145 ,  02146  , 02149
02151  , 02154 ,  02156  , 02158 ,  02162  , 02163 ,  02165  , 02168
02170  , 02176 ,  02176  , 02179 ,  02181  , 02184 ,  02186  , 02189
02192  , 02194 ,  02198  , 02199 ,  02202  , 02205 ,  02208  , 02210
02213  , 02214 ,  02218  , 02221 ,  02222  , 02226 ,  02228  , 02230
02233  , 02237 ,  02240  , 02242 ,  02244  , 02246 ,  02249  , 02251
02254  , 02256 ,  02258  , 02260 ,  02263  , 02266 ,  02267  , 02269
02272  , 02276 ,  02276  , 02278 ,  02281  , 02282 ,  02284  , 02286
02289  , 02290 ,  02293  , 02294 ,  02297  , 02299 ,  02304  , 02305
02308  , 02309 ,  02312  , 02315 ,  02317  , 02320 ,  02322  , 02324
02326  , 02329 ,  02333  , 02333 ,  02338  , 02340 ,  02342  , 02345
02347  , 02349 ,  02350  , 02354 ,  02358  , 02359 ,  02362  , 02368
02368  , 02370 ,  02373  , 02374 ,  02377  , 02380 ,  02384  , 02386
02387  , 02389 ,  02393  , 02395 ,  02397  , 02402 ,  02404  , 02406
02409  , 02411 ,  02412  , 02416 ,  02418  , 02421 ,  02422  , 02424
02427  , 02429 ,  02432  , 02434 ,  02435  , 02437 ,  02440  , 02441
02444  , 02445 ,  02449  , 02450 ,  02452  , 02454 ,  02457  , 02458
02461  , 02465 ,  02468  , 02469 ,  02472  , 02474 ,  02477  , 02481
02482  , 02485 ,  02486  , 02490 ,  02490  , 02493 ,  02496  , 02498
02500  , 02502 ,  02505  , 02508 ,  02509  , 02512 ,  02514  , 02516
02518  , 02522 ,  02523  , 02525 ,  02528  , 02530 ,  02532  , 02534
02537  , 02539 ,  02541  , 02542 ,  02546  , 02548 ,  02549  , 02550
02553  , 02554 ,  02560  , 02560 ,  02562  , 02564 ,  02568  , 02570
02571  , 02576 ,  02577  , 02580 ,  02581  , 02584 ,  02586  , 02589
02593  , 02593 ,  02596  , 02598 ,  02601  , 02602 ,  02605  , 02608
02610  , 02613 ,  02613  , 02617 ,  02618  , 02619 ,  02624  , 02625
02626  , 02628 ,  02630  , 02632 ,  02633  , 02635 ,  02637  , 02640
02641  , 02644 ,  02645  , 02648 ,  02649  , 02651 ,  02653  , 02657
02660  , 02661 ,  02664  , 02666 ,  02669  , 02671 ,  02673  , 02676
02677  , 02681 ,  02682  , 02684 ,  02688  , 02690 ,  02692  , 02693
02696  , 02699 ,  02701  , 02704 ,  02706  , 02708 ,  02710  , 02711
02714  , 02716 ,  02718  , 02721 ,  02724  , 02725 ,  02728  , 02730
02732  , 02733 ,  02737  , 02738 ,  02741  , 02742 ,  02745  , 02747
02752  , 02752 ,  02754  , 02756 ,  02758  , 02762 ,  02764  , 02766
02770  , 02772 ,  02774  , 02775 ,  02778  , 02781 ,  02782  , 02786
02788  , 02789 ,  02793  , 02793 ,  02795  , 02797 ,  02801  , 02802
02804  , 02805 ,  02807  , 02810 ,  02811  , 02813 ,  02816  , 02818
02821  , 02822 ,  02825  , 02826 ,  02829  , 02832 ,  02833  , 02834
02837  , 02841 ,  02842  , 02843 ,  02846  , 02850 ,  02851  , 02853
02854  , 02858 ,  02859  , 02862 ,  02866  , 02868 ,  02871  , 02873
02875  , 02880 ,  02881  , 02882 ,  02885  , 02886 ,  02889  , 02891
02893  , 02896 ,  02897  , 02900 ,  02902  , 02903 ,  02906  , 02908
02909  , 02913 ,  02914  , 02916 ,  02917  , 02921 ,  02922  , 02924
02925  , 02930 ,  02930  , 02932 ,  02934  , 02935 ,  02938  , 02940
02944  , 02946 ,  02947  , 02949 ,  02952  , 02953 ,  02956  , 02957
02961  , 02963 ,  02965  , 02967 ,  02969  , 02971 ,  02973  , 02976
02978  , 02980 ,  02981  , 02985 ,  02987  , 02988 ,  02989  , 02993
02994  , 02997 ,  02998  , 03001 ,  03003  , 03005 ,  03008  , 03009
03012  , 03013 ,  03016  , 03018 ,  03019  , 03021 ,  03025  , 03026
03027  , 03029 ,  03031  , 03034 ,  03035  , 03037 ,  03038  , 03042
03044  , 03045 ,  03048  , 03050 ,  03053  , 03054 ,  03057  , 03060
03062  , 03064 ,  03065  , 03067 ,  03069  , 03073 ,  03074  , 03076
03077  , 03081 ,  03081  , 03083 ,  03088  , 03089 ,  03090  , 03092
03093  , 03094 ,  03097  , 03098 ,  03100  , 03100 ,  03104  , 03106
03108  , 03110 ,  03111  , 03114 ,  03115  , 03117 ,  03121  , 03122
03124  , 03126 ,  03130  , 03136 ,  03136  , 03137 ,  03140  , 03142
03145  , 03148 ,  03149  , 03153 ,  03154  , 03157 ,  03159  , 03161
03163  , 03165 ,  03169  , 03170 ,  03173  , 03173 ,  03178  , 03178
03181  , 03181 ,  03184  , 03186 ,  03188  , 03190 ,  03191  , 03194
03195  , 03200 ,  03200  , 03202 ,  03204  , 03205 ,  03208  , 03211
03213  , 03213 ,  03217  , 03219 ,  03220  , 03222 ,  03225  , 03226
03229  , 03232 ,  03233  , 03235 ,  03237  , 03238 ,  03241  , 03242
03243  , 03245 ,  03249  , 03250 ,  03252  , 03252 ,  03255  , 03258
03259  , 03264 ,  03264  , 03265 ,  03268  , 03270 ,  03270  , 03272
03274  , 03276 ,  03278  , 03280 ,  03282  , 03284 ,  03285  , 03287
03289  , 03291 ,  03293  , 03296 ,  03298  , 03301 ,  03300  , 03302
03305  , 03306 ,  03308  , 03309 ,  03310  , 03314 ,  03316  , 03316
03318  , 03319 ,  03322  , 03323 ,  03328  , 03328 ,  03329  , 03332
03333  , 03334 ,  03337  , 03338 ,  03341  , 03344 ,  03346  , 03346
03349  , 03350 ,  03354  , 03354 ,  03357  , 03360 ,  03361  , 03363
03365  , 03366 ,  03368  , 03370 ,  03371  , 03373 ,  03376  , 03377
03378  , 03380 ,  03381  , 03382 ,  03383  , 03386 ,  03392  , 03392
03392  , 03393 ,  03395  , 03397 ,  03396  , 03398 ,  03398  , 03401
03403  , 03404 ,  03405  , 03408 ,  03410  , 03410 ,  03412  , 03413
03414  , 03416 ,  03418  , 03419 ,  03421  , 03424 ,  03424  , 03426
03428  , 03429 ,  03429  , 03430 ,  03433  , 03433 ,  03434  , 03433
03434  , 03437 ,  03437  , 03438 ,  03440  , 03442 ,  03442  , 03443
03442  , 03444 ,  03445  , 03446 ,  03447  , 03450 ,  03450  , 03451
03456  , 03456 ,  03457  , 03458 ,  03460  , 03461 ,  03462  , 03462
03464  , 03466 ,  03466  , 03468 ,  03468  , 03472 ,  03473  , 03474
03476  , 03477 ,  03478  , 03478 ,  03481  , 03481 ,  03482  , 03485
03486  , 03490 ,  03490  , 03492 ,  03492  , 03492 ,  03493  , 03493
03494  , 03496 ,  03497  , 03497 ,  03498  , 03498 ,  03498  , 03498
03501  , 03501 ,  03501  , 03501 ,  03505  , 03506 ,  03506  , 03508
03509  , 03510 ,  03511  , 03513 ,  03514  , 03515 ,  03517  , 03517
03520  , 03520 ,  03521  , 03522 ,  03522  , 03525 ,  03525  , 03526
03528  , 03529 ,  03529  , 03530 ,  03532  , 03533 ,  03533  , 03533
03536  , 03536 ,  03536  , 03538 ,  03538  , 03540 ,  03540  , 03541
03541  , 03542 ,  03542  , 03542 ,  03543  , 03545 ,  03546  , 03547
03547  , 03547 ,  03549  , 03549 ,  03549  , 03550 ,  03553  , 03554
03556  , 03556 ,  03556  , 03557 ,  03557  , 03557 ,  03558  , 03561
03562  , 03562 ,  03562  , 03563 ,  03564  , 03564 ,  03565  , 03565
03568  , 03566 ,  03569  , 03570 ,  03569  , 03570 ,  03569  , 03571
03570  , 03572 ,  03572  , 03572 ,  03574  , 03574 ,  03575  , 03575
03577  , 03579 ,  03581  , 03583 ,  03586  , 03586 ,  03588  , 03589
03589  , 03589 ,  03589  , 03589 ,  03590  , 03590 ,  03592  , 03592
03593  , 03591 ,  03593  , 03592 ,  03593  , 03594 ,  03593  , 03594
03594  , 03594 ,  03594  , 03595 ,  03594  , 03595 ,  03597  , 03594
03597  , 03596 ,  03597  , 03597 ,  03597  , 03597 ,  03600  , 03597
03597  , 03601 ,  03600  , 03601 ,  03601  , 03601 ,  03601  , 03600
03602  , 03601 ,  03601  , 03602 ,  03602  , 03602 ,  03602  , 03602
03604  , 03605 ,  03605  , 03605 ,  03604  , 03605 ,  03604  , 03605
03605  , 03606 ,  03606  , 03606 ,  03606  , 03606 ,  03608  , 03607
03607  , 03607 ,  03609  , 03609 ,  03609  , 03609 ,  03610  , 03610
03609  , 03609 ,  03609  , 03610 ,  03610  , 03610 ,  03610  , 03610
03610  , 03610 ,  03611  , 03610 ,  03611  , 03610 ,  03610  , 03611
03612  , 03611 ,  03611  , 03612 ,  03613  , 03612 ,  03613  , 03612
03613  , 03613 ,  03616  , 03613 ,  03616  , 03616 ,  03616  , 03616
03613  , 03616 ,  03616  , 03616 ,  03616  , 03616 ,  03616  , 03617
03617  , 03616 ,  03617  , 03617 ,  03617  , 03617 ,  03616  , 03617
03617  , 03618 ,  03618  , 03618 ,  03618  , 03618 ,  03618  , 03618
03618  , 03620 ,  03620  , 03618 ,  03620  , 03620 ,  03620  , 03620
03619  , 03619 ,  03621  , 03620 ,  03620  , 03621 ,  03621  , 03621
03621  , 03621 ,  03621  , 03621 ,  03622  , 03621 ,  03622  , 03622
03624  , 03622 ,  03622  , 03622 ,  03622  , 03623 ,  03622  , 03624
03624  , 03624 ,  03622  , 03621 ,  03622  , 03624 ,  03625  , 03624
03624  , 03625 ,  03625  , 03625 ,  03625  , 03625 ,  03625  , 03625
03625  , 03625 ,  03625  , 03626 ,  03626  , 03626 ,  03626  , 03625
03626  , 03626 ,  03626  , 03626 ,  03627  , 03627 ,  03625  , 03626
03626  , 03628 ,  03626  , 03626 ,  03626  , 03627 ,  03626  , 03627
03626  , 03628 ,  03627  , 03628 ,  03627  , 03629 ,  03629  , 03629
03629  , 03627 ,  03627  , 03628 ,  03628  , 03627 ,  03628  , 03629
03627  , 03627 ,  03627  , 03628 ,  03628  , 03627 ,  03627  , 03629
03627  , 03627 ,  03627  , 03627 ,  03627  , 03628 ,  03628  , 03627
03628  , 03629 ,  03627  , 03627 ,  03628  , 03628 ,  03629  , 03628
03629  , 03628 ,  03629  , 03629 ,  03629  , 03628 ,  03627  , 03629
03628  , 03629 ,  03628  , 03629 ,  03628  , 03629 ,  03627  , 03627
03627  , 03628 ,  03629  , 03629 ,  03629  , 03627 ,  03627  , 03627
03627  , 03627 ,  03628  , 03626 ,  03627  , 03629 ,  03628  , 03627
03626  , 03627 ,  03627  , 03626 ,  03626  , 03628 ,  03628  , 03626
03627  , 03626 ,  03626  , 03626 ,  03626  , 03625 ,  03626  , 03626
03626  , 03625 ,  03625  , 03625 ,  03625  , 03625 ,  03625  , 03624
03625  , 03624 ,  03622  , 03621 ,  03621  , 03622 ,  03621  , 03621
03620  , 03620 ,  03620  , 03620 ,  03618  , 03618 ,  03618  , 03618
03618  , 03618 ,  03618  , 03616 ,  03616  , 03616 ,  03616  , 03616
03613  , 03616 ,  03613  , 03613 ,  03613  , 03611 ,  03611  , 03611
03611  , 03610 ,  03610  , 03610 ,  03610  , 03609 ,  03609  , 03607
03606  , 03606 ,  03606  , 03606 ,  03605  , 03606 ,  03604  , 03604
03602  , 03604 ,  03602  , 03602 ,  03602  , 03601 ,  03602  , 03600
03600  , 03597 ,  03600  , 03597 ,  03597  , 03595 ,  03596  , 03595
03594  , 03593 ,  03593  , 03593 ,  03592  , 03590 ,  03592  , 03589
03590  , 03588 ,  03589  , 03588 ,  03588  , 03586 ,  03586  , 03585
03584  , 03583 ,  03582  , 03581 ,  03581  , 03581 ,  03581  , 03579
03580  , 03580 ,  03581  , 03578 ,  03578  , 03578 ,  03578  , 03578
03578  , 03577 ,  03576  , 03577 ,  03574  , 03574 ,  03574  , 03574
03573  , 03573 ,  03573  , 03572 ,  03572  , 03570 ,  03570  , 03569
03569  , 03568 ,  03566  , 03566 ,  03565  , 03565 ,  03562  , 03562
03561  , 03561 ,  03560  , 03558 ,  03557  , 03556 ,  03556  , 03554
03554  , 03552 ,  03552  , 03550 ,  03549  , 03549 ,  03549  , 03547
03546  , 03545 ,  03545  , 03542 ,  03542  , 03541 ,  03541  , 03541
03540  , 03538 ,  03538  , 03537 ,  03536  , 03536 ,  03534  , 03533
03533  , 03532 ,  03531  , 03531 ,  03530  , 03529 ,  03529  , 03528
03527  , 03526 ,  03525  , 03525 ,  03524  , 03522 ,  03522  , 03521
03520  , 03520 ,  03517  , 03517 ,  03515  , 03514 ,  03514  , 03513
03511  , 03510 ,  03510  , 03509 ,  03509  , 03508 ,  03506  , 03506
03506  , 03505 ,  03504  , 03501 ,  03501  , 03501 ,  03498  , 03498
03498  , 03497 ,  03496  , 03494 ,  03493  , 03493 ,  03492  , 03490
03490  , 03488 ,  03488  , 03486 ,  03484  , 03483 ,  03482  , 03481
03478  , 03477 ,  03476  , 03476 ,  03474  , 03474 ,  03473  , 03472
03472  , 03468 ,  03466  , 03466 ,  03466  , 03464 ,  03462  , 03462
03461  , 03461 ,  03460  , 03458 ,  03457  , 03457 ,  03454  , 03456
03453  , 03452 ,  03451  , 03449 ,  03449  , 03446 ,  03446  , 03445
03443  , 03442 ,  03442  , 03442 ,  03441  , 03438 ,  03437  , 03437
03434  , 03433 ,  03433  , 03432 ,  03430  , 03429 ,  03428  , 03425
03425  , 03422 ,  03421  , 03419 ,  03418  , 03418 ,  03415  , 03414
03413  , 03413 ,  03411  , 03410 ,  03409  , 03408 ,  03406  , 03405
03403  , 03402 ,  03401  , 03400 ,  03398  , 03397 ,  03396  , 03394
03394  , 03393 ,  03392  , 03392 ,  03392  , 03386 ,  03385  , 03384
03382  , 03381 ,  03379  , 03378 ,  03378  , 03377 ,  03374  , 03373
03370  , 03370 ,  03366  , 03365 ,  03364  , 03362 ,  03361  , 03360
03357  , 03355 ,  03353  , 03350 ,  03349  , 03347 ,  03346  , 03344
03344  , 03341 ,  03340  , 03338 ,  03337  , 03334 ,  03333  , 03332
03330  , 03330 ,  03329  , 03328 ,  03325  , 03323 ,  03322  , 03321
03318  , 03317 ,  03316  , 03314 ,  03314  , 03313 ,  03310  , 03309
03307  , 03305 ,  03304  , 03302 ,  03300  , 03300 ,  03298  , 03297
03296  , 03292 ,  03291  , 03290 ,  03287  , 03286 ,  03285  , 03285
03282  , 03281 ,  03280  , 03277 ,  03276  , 03274 ,  03273  , 03270
03269  , 03268 ,  03266  , 03265 ,  03264  , 03261 ,  03258  , 03255
03254  , 03253 ,  03252  , 03250 ,  03249  , 03248 ,  03245  , 03244
03242  , 03241 ,  03239  , 03237 ,  03236  , 03234 ,  03234  , 03234
03230  , 03229 ,  03226  , 03226 ,  03222  , 03221 ,  03220  , 03218
03217  , 03216 ,  03213  , 03210 ,  03209  , 03205 ,  03202  , 03201
03200  , 03200 ,  03194  , 03191 ,  03190  , 03189 ,  03186  , 03184
03181  , 03179 ,  03178  , 03176 ,  03174  , 03173 ,  03172  , 03170
03169  , 03165 ,  03164  , 03162 ,  03158  , 03157 ,  03157  , 03156
03154  , 03152 ,  03149  , 03146 ,  03145  , 03142 ,  03141  , 03140
03140  , 03137 ,  03136  , 03136 ,  03130  , 03129 ,  03127  , 03125
03124  , 03122 ,  03121  , 03120 ,  03117  , 03116 ,  03114  , 03112
03110  , 03108 ,  03107  , 03104 ,  03104  , 03101 ,  03099  , 03098
03094  , 03093 ,  03092  , 03090 ,  03088  , 03085 ,  03084  , 03082
03081  , 03078 ,  03076  , 03074 ,  03072  , 03069 ,  03066  , 03065
03063  , 03062 ,  03060  , 03058 ,  03055  , 03053 ,  03050  , 03048
03046  , 03045 ,  03044  , 03042 ,  03039  , 03036 ,  03035  , 03033
03029  , 03029 ,  03028  , 03026 ,  03024  , 03021 ,  03021  , 03019
03016  , 03014 ,  03012  , 03010 ,  03009  , 03008 ,  03005  , 03003
03002  , 02998 ,  02998  , 02996 ,  02994  , 02992 ,  02989  , 02988
02986  , 02985 ,  02982  , 02980 ,  02977  , 02976 ,  02972  , 02969
02966  , 02965 ,  02964  , 02961 ,  02960  , 02956 ,  02954  , 02952
02949  , 02948 ,  02946  , 02945 ,  02940  , 02939 ,  02937  , 02935
02933  , 02930 ,  02929  , 02925 ,  02925  , 02921 ,  02921  , 02917
02917  , 02914 ,  02910  , 02908 ,  02906  , 02904 ,  02901  , 02898
02897  , 02896 ,  02893  , 02890 ,  02889  , 02885 ,  02884  , 02881
02880  , 02880 ,  02874  , 02874 ,  02871  , 02869 ,  02868  , 02866
02862  , 02860 ,  02859  , 02857 ,  02857  , 02854 ,  02853  , 02850
02849  , 02848 ,  02843  , 02841 ,  02838  , 02837 ,  02835  , 02833
02832  , 02829 ,  02825  , 02822 ,  02820  , 02817 ,  02813  , 02811
02807  , 02805 ,  02802  , 02798 ,  02794  , 02793 ,  02789  , 02786
02782  , 02781 ,  02778  , 02777 ,  02773  , 02771 ,  02768  , 02765
02763  , 02761 ,  02759  , 02758 ,  02757  , 02754 ,  02753  , 02752
02749  , 02746 ,  02745  , 02742 ,  02741  , 02740 ,  02738  , 02736
02733  , 02733 ,  02731  , 02728 ,  02726  , 02724 ,  02722  , 02720
02720  , 02715 ,  02714  , 02711 ,  02708  , 02706 ,  02704  , 02701
02698  , 02697 ,  02694  , 02693 ,  02690  , 02688 ,  02688  , 02682
02681  , 02678 ,  02676  , 02673 ,  02672  , 02669 ,  02666  , 02665
02662  , 02661 ,  02659  , 02657 ,  02654  , 02653 ,  02652  , 02650
02649  , 02646 ,  02645  , 02644 ,  02642  , 02640 ,  02640  , 02637
02635  , 02633 ,  02632  , 02629 ,  02626  , 02624 ,  02624  , 02618
02616  , 02613 ,  02610  , 02608 ,  02605  , 02601 ,  02598  , 02596
02593  , 02589 ,  02586  , 02584 ,  02581  , 02580 ,  02576  , 02573
02570  , 02570 ,  02568  , 02564 ,  02562  , 02560 ,  02560  , 02556
02554  , 02551 ,  02549  , 02548 ,  02545  , 02542 ,  02541  , 02540
02537  , 02536 ,  02533  , 02531 ,  02528  , 02525 ,  02522  , 02521
02518  , 02517 ,  02514  , 02512 ,  02509  , 02506 ,  02504  , 02501
02500  , 02497 ,  02493  , 02490 ,  02489  , 02485 ,  02484  , 02481
02478  , 02476 ,  02474  , 02470 ,  02469  , 02465 ,  02464  , 02461
02458  , 02456 ,  02453  , 02451 ,  02448  , 02445 ,  02442  , 02441
02437  , 02436 ,  02434  , 02432 ,  02427  , 02425 ,  02422  , 02419
02418  , 02415 ,  02413  , 02410 ,  02409  , 02406 ,  02403  , 02401
02397  , 02395 ,  02393  , 02390 ,  02389  , 02386 ,  02385  , 02380
02378  , 02374 ,  02372  , 02369 ,  02363  , 02361 ,  02357  , 02355
02350  , 02347 ,  02343  , 02341 ,  02338  , 02336 ,  02331  , 02329
02328  , 02324 ,  02322  , 02320 ,  02316  , 02314 ,  02312  , 02309
02307  , 02306 ,  02304  , 02304 ,  02297  , 02295 ,  02293  , 02290
02290  , 02286 ,  02285  , 02282 ,  02280  , 02277 ,  02276  , 02274
02270  , 02268 ,  02265  , 02263 ,  02261  , 02258 ,  02255  , 02252
02250  , 02247 ,  02245  , 02243 ,  02241  , 02236 ,  02233  , 02231
02229  , 02228 ,  02223  , 02220 ,  02218  , 02216 ,  02212  , 02210
02206  , 02204 ,  02202  , 02198 ,  02197  , 02194 ,  02192  , 02189
02186  , 02184 ,  02181  , 02178 ,  02177  , 02176 ,  02170  , 02169
02166  , 02162 ,  02161  , 02158 ,  02156  , 02154 ,  02150  , 02148
02147  , 02144 ,  02141  , 02138 ,  02135  , 02133 ,  02131  , 02129
02125  , 02123 ,  02121  , 02118 ,  02114  , 02113 ,  02112  , 02107
02105  , 02101 ,  02099  , 02096 ,  02092  , 02090 ,  02088  , 02085
02082  , 02080 ,  02078  , 02075 ,  02072  , 02069 ,  02067  , 02065
02064  , 02060 ,  02058  , 02057 ,  02056  , 02052 ,  02050  , 02049
02048  , 02048 ,  02048  , 02040 ,  02038  , 02038 ,  02034  , 02033
02029  , 02028 ,  02026  , 02025 ,  02022  , 02021 ,  02018  , 02014
02012  , 02010 ,  02009  , 02006 ,  02003  , 02001 ,  01998  , 01996
01994  , 01990 ,  01988  , 01986 ,  01984  , 01980 ,  01977  , 01974
01973  , 01970 ,  01968  , 01964 ,  01962  , 01960 ,  01957  , 01956
01953  , 01952 ,  01948  , 01947 ,  01944  , 01942 ,  01940  , 01938
01936  , 01932 ,  01930  , 01928 ,  01925  , 01922 ,  01920  , 01917
01913  , 01911 ,  01909  , 01906 ,  01902  , 01901 ,  01898  , 01895
01894  , 01890 ,  01887  , 01885 ,  01884  , 01881 ,  01878  , 01877
01874  , 01872 ,  01869  , 01866 ,  01864  , 01862 ,  01860  , 01857
01856  , 01852 ,  01850  , 01848 ,  01844  , 01842 ,  01841  , 01837
01834  , 01832 ,  01829  , 01828 ,  01825  , 01824 ,  01820  , 01819
01816  , 01814 ,  01812  , 01810 ,  01808  , 01805 ,  01802  , 01801
01800  , 01797 ,  01796  , 01793 ,  01791  , 01788 ,  01787  , 01785
01782  , 01780 ,  01778  , 01776 ,  01773  , 01770 ,  01769  , 01766
01764  , 01762 ,  01760  , 01756 ,  01754  , 01753 ,  01750  , 01748
01745  , 01742 ,  01740  , 01738 ,  01735  , 01733 ,  01730  , 01729
01725  , 01722 ,  01719  , 01717 ,  01715  , 01713 ,  01710  , 01707
01705  , 01702 ,  01701  , 01698 ,  01696  , 01693 ,  01690  , 01688
01685  , 01684 ,  01682  , 01680 ,  01677  , 01674 ,  01672  , 01668
01666  , 01665 ,  01664  , 01659 ,  01657  , 01654 ,  01653  , 01651
01648  , 01646 ,  01644  , 01642 ,  01641  , 01639 ,  01638  , 01636
01635  , 01633 ,  01631  , 01629 ,  01628  , 01626 ,  01623  , 01622
01620  , 01616 ,  01613  , 01610 ,  01606  , 01602 ,  01600  , 01596
01594  , 01590 ,  01589  , 01586 ,  01584  , 01581 ,  01579  , 01577
01573  , 01573 ,  01571  , 01569 ,  01566  , 01564 ,  01562  , 01560
01558  , 01556 ,  01554  , 01552 ,  01552  , 01548 ,  01547  , 01544
01543  , 01541 ,  01539  , 01537 ,  01536  , 01533 ,  01531  , 01529
01526  , 01524 ,  01523  , 01521 ,  01519  , 01517 ,  01514  , 01512
01510  , 01509 ,  01507  , 01505 ,  01502  , 01499 ,  01497  , 01496
01493  , 01492 ,  01489  , 01488 ,  01485  , 01483 ,  01481  , 01478
01476  , 01474 ,  01472  , 01469 ,  01467  , 01465 ,  01462  , 01461
01458  , 01458 ,  01454  , 01451 ,  01449  , 01446 ,  01445  , 01444
01441  , 01438 ,  01438  , 01434 ,  01432  , 01429 ,  01428  , 01426
01424  , 01422 ,  01420  , 01418 ,  01415  , 01413 ,  01409  , 01408
01405  , 01402 ,  01401  , 01398 ,  01397  , 01393 ,  01391  , 01389
01385  , 01383 ,  01380  , 01378 ,  01377  , 01374 ,  01372  , 01369
01367  , 01366 ,  01364  , 01362 ,  01358  , 01357 ,  01356  , 01353
01352  , 01350 ,  01349  , 01346 ,  01344  , 01341 ,  01339  , 01338
01335  , 01333 ,  01331  , 01330 ,  01326  , 01324 ,  01321  , 01319
01317  , 01313 ,  01313  , 01309 ,  01308  , 01306 ,  01303  , 01302
01298  , 01297 ,  01294  , 01291 ,  01289  , 01288 ,  01286  , 01284
01282  , 01280 ,  01276  , 01274 ,  01272  , 01269 ,  01268  , 01266
01264  , 01262 ,  01260  , 01258 ,  01256  , 01253 ,  01250  , 01250
01247  , 01245 ,  01243  , 01241 ,  01239  , 01237 ,  01234  , 01232
01229  , 01227 ,  01226  , 01224 ,  01221  , 01220 ,  01217  , 01216
01211  , 01210 ,  01207  , 01204 ,  01203  , 01202 ,  01201  , 01197
01195  , 01193 ,  01191  , 01188 ,  01185  , 01184 ,  01181  , 01179
01177  , 01176 ,  01173  , 01171 ,  01168  , 01165 ,  01163  , 01162
01161  , 01157 ,  01156  , 01153 ,  01152  , 01149 ,  01146  , 01143
01142  , 01141 ,  01139  , 01136 ,  01134  , 01133 ,  01131  , 01129
01126  , 01124 ,  01122  , 01120 ,  01117  , 01115 ,  01114  , 01111
01109  , 01106 ,  01106  , 01103 ,  01100  , 01098 ,  01096  , 01093
01093  , 01090 ,  01088  , 01086 ,  01083  , 01082 ,  01079  , 01077
01075  , 01073 ,  01072  , 01069 ,  01067  , 01065 ,  01061  , 01060
01058  , 01057 ,  01054  , 01053 ,  01051  , 01049 ,  01047  , 01045
01043  , 01040 ,  01037  , 01037 ,  01034  , 01032 ,  01030  , 01029
01027  , 01025 ,  01024  , 01024 ,  01024  , 01018 ,  01015  , 01013
01012  , 01010 ,  01008  , 01005 ,  01003  , 01001 ,  00999  , 00996
00994  , 00994 ,  00989  , 00988 ,  00985  , 00983 ,  00981  , 00978
00976  , 00973 ,  00971  , 00969 ,  00967  , 00965 ,  00963  , 00961
00958  , 00956 ,  00954  , 00953 ,  00950  , 00948 ,  00946  , 00944
00942  , 00939 ,  00937  , 00934 ,  00933  , 00929 ,  00928  , 00926
00925  , 00922 ,  00920  , 00917 ,  00916  , 00914 ,  00912  , 00910
00908  , 00907 ,  00906  , 00903 ,  00900  , 00900 ,  00898  , 00894
00904  , 00904 ,  00903  , 00900 ,  00897  , 00895 ,  00893  , 00891
00889  , 00887 ,  00885  , 00883 ,  00881  , 00879 ,  00877  , 00875
00873  , 00871 ,  00869  , 00868 ,  00867  , 00865 ,  00862  , 00860
00858  , 00857 ,  00856  , 00854 ,  00852  , 00851 ,  00849  , 00848
00845  , 00844 ,  00842  , 00839 ,  00837  , 00837 ,  00835  , 00832
00830  , 00829 ,  00826  , 00825 ,  00822  , 00821 ,  00819  , 00817
00814  , 00813 ,  00810  , 00808 ,  00806  , 00805 ,  00801  , 00800
00800  , 00796 ,  00794  , 00792 ,  00790  , 00788 ,  00786  , 00785
00782  , 00781 ,  00778  , 00777 ,  00775  , 00774 ,  00772  , 00771
00770  , 00768 ,  00765  , 00764 ,  00762  , 00761 ,  00759  , 00758
00755  , 00755 ,  00753  , 00751 ,  00749  , 00747 ,  00746  , 00744
00743  , 00740 ,  00739  , 00738 ,  00737  , 00733 ,  00733  , 00730
00730  , 00727 ,  00726  , 00724 ,  00723  , 00722 ,  00719  , 00719
00716  , 00715 ,  00713  , 00712 ,  00710  , 00709 ,  00709  , 00707
00706  , 00702 ,  00702  , 00700 ,  00698  , 00697 ,  00695  , 00694
00692  , 00691 ,  00690  , 00689 ,  00687  , 00686 ,  00684  , 00684
00682  , 00681 ,  00680  , 00678 ,  00678  , 00676 ,  00675  , 00673
00673  , 00672 ,  00670  , 00668 ,  00667  , 00667 ,  00666  , 00664
00662  , 00662 ,  00661  , 00658 ,  00658  , 00656 ,  00656  , 00654
00652  , 00651 ,  00650  , 00648 ,  00647  , 00646 ,  00645  , 00644
00643  , 00642 ,  00641  , 00639 ,  00638  , 00637 ,  00635  , 00634
00633  , 00633 ,  00632  , 00630 ,  00630  , 00629 ,  00627  , 00628
00626  , 00624 ,  00624  , 00622 ,  00622  , 00621 ,  00620  , 00618
00618  , 00615 ,  00616  , 00614 ,  00613  , 00612 ,  00611  , 00610
00609  , 00607 ,  00605  , 00605 ,  00604  , 00603 ,  00602  , 00601
00599  , 00598 ,  00597  , 00596 ,  00595  , 00594 ,  00592  , 00591
00590  , 00589 ,  00587  , 00586 ,  00585  , 00585 ,  00583  , 00582
00582  , 00580 ,  00580  , 00578 ,  00578  , 00576 ,  00576  , 00573
00572  , 00571 ,  00570  , 00571 ,  00569  , 00568 ,  00566  , 00566
00565  , 00565 ,  00563  , 00562 ,  00562  , 00561 ,  00562  , 00558
00559  , 00558 ,  00557  , 00556 ,  00556  , 00555 ,  00554  , 00554
00552  , 00552 ,  00551  , 00551 ,  00550  , 00549 ,  00548  , 00548
00547  , 00546 ,  00546  , 00545 ,  00544  , 00543 ,  00542  , 00542
00541  , 00539 ,  00539  , 00539 ,  00539  , 00537 ,  00536  , 00536
00535  , 00533 ,  00533  , 00531 ,  00530  , 00531 ,  00530  , 00530
00529  , 00527 ,  00526  , 00526 ,  00524  , 00524 ,  00524  , 00523
00522  , 00521 ,  00522  , 00520 ,  00520  , 00519 ,  00519  , 00518
00518  , 00517 ,  00516  , 00516 ,  00514  , 00516 ,  00514  , 00514
00513  , 00514 ,  00513  , 00513 ,  00513  , 00512 ,  00512  , 00510
00512  , 00510 ,  00509  , 00508 ,  00509  , 00508 ,  00507  , 00506
00507  , 00506 ,  00506  , 00505 ,  00506  , 00505 ,  00504  , 00503
00503  , 00503 ,  00503  , 00503 ,  00502  , 00501 ,  00501  , 00501
00500  , 00501 ,  00500  , 00500 ,  00500  , 00499 ,  00498  , 00498
00497  , 00498 ,  00497  , 00497 ,  00498  , 00497 ,  00496  , 00496
00496  , 00497 ,  00496  , 00494 ,  00494  , 00495 ,  00494  , 00494
00493  , 00494 ,  00493  , 00493 ,  00493  , 00492 ,  00493  , 00493
00492  , 00492 ,  00492  , 00492 ,  00491  , 00491 ,  00490  , 00490
00489  , 00489 ,  00489  , 00490 ,  00489  , 00489 ,  00489  , 00488
00488  , 00488 ,  00488  , 00488 ,  00487  , 00488 ,  00487  , 00487
00486  , 00487 ,  00486  , 00486 ,  00485  , 00486 ,  00485  , 00486
00485  , 00484 ,  00485  , 00484 ,  00483  , 00483 ,  00483  , 00484
00482  , 00483 ,  00482  , 00483 ,  00483  , 00482 ,  00481  , 00481
00482  , 00481 ,  00482  , 00481 ,  00481  , 00481 ,  00481  , 00481
00480  , 00481 ,  00479  , 00479 ,  00478  , 00480 ,  00478  , 00478
00478  , 00478 ,  00478  , 00477 ,  00477  , 00477 ,  00477  , 00477
00477  , 00476 ,  00477  , 00477 ,  00476  , 00476 ,  00476  , 00476
00475  , 00475 ,  00475  , 00475 ,  00475  , 00475 ,  00474  , 00474
00474  , 00473 ,  00473  , 00473 ,  00473  , 00473 ,  00473  , 00473
00472  , 00474 ,  00473  , 00473 ,  00471  , 00472 ,  00473  , 00472
00472  , 00471 ,  00472  , 00470 ,  00470  , 00470 ,  00471  , 00471
00470  , 00470 ,  00471  , 00470 ,  00470  , 00471 ,  00470  , 00470
00470  , 00469 ,  00469  , 00470 ,  00469  , 00469 ,  00469  , 00469
00469  , 00470 ,  00468  , 00468 ,  00468  , 00469 ,  00469  , 00469
00469  , 00469 ,  00469  , 00468 ,  00468  , 00468 ,  00468  , 00468
00467  , 00468 ,  00467  , 00468 ,  00467  , 00468 ,  00468  , 00468
00468  , 00468 ,  00467  , 00468 ,  00468  , 00467 ,  00467  , 00468
00468  , 00468 ,  00468  , 00468 ,  00467  , 00468 ,  00466  , 00468
00467  , 00467 ,  00467  , 00467 ,  00467  , 00467 ,  00467  , 00467
00467  , 00467 ,  00467  , 00467 ,  00467  , 00468 ,  00467  , 00468
00466  , 00466 ,  00466  , 00467 ,  00467  , 00467 ,  00467  , 00467
00467  , 00468 ,  00466  , 00466 ,  00466  , 00467 ,  00466  , 00467
00468  , 00468 ,  00467  , 00466 ,  00466  , 00467 ,  00467  , 00468
00467  , 00468 ,  00467  , 00467 ,  00467  , 00466 ,  00468  , 00468
00468  , 00468 ,  00468  , 00469 ,  00467  , 00468 ,  00468  , 00468
00468  , 00468 ,  00469  , 00468 ,  00469  , 00469 ,  00469  , 00469
00469  , 00469 ,  00469  , 00469 ,  00469  , 00470 ,  00470  , 00470
00469  , 00470 ,  00470  , 00470 ,  00471  , 00471 ,  00472  , 00472
00473  , 00473 ,  00473  , 00474 ,  00474  , 00475 ,  00474  , 00475
00475  , 00475 ,  00476  , 00477 ,  00478  , 00478 ,  00478  , 00479
00480  , 00480 ,  00482  , 00481 ,  00483  , 00483 ,  00483  , 00484
00484  , 00486 ,  00486  , 00487 ,  00486  , 00488 ,  00489  , 00488
00490  , 00490 ,  00491  , 00490 ,  00492  , 00492 ,  00493  , 00494
00494  , 00494 ,  00495  , 00496 ,  00497  , 00498 ,  00497  , 00498
00498  , 00499 ,  00500  , 00501 ,  00502  , 00501 ,  00502  , 00503
00502  , 00503 ,  00504  , 00505 ,  00505  , 00507 ,  00506  , 00507
00508  , 00509 ,  00512  , 00512 ,  00512  , 00512 ,  00513  , 00513
00514  , 00514 ,  00515  , 00516 ,  00516  , 00517 ,  00518  , 00519
00519  , 00521 ,  00520  , 00522 ,  00522  , 00524 ,  00525  , 00525
00526  , 00525 ,  00527  , 00528 ,  00529  , 00530 ,  00532  , 00532
00533  , 00534 ,  00534  , 00536 ,  00537  , 00537 ,  00538  , 00539
00539  , 00541 ,  00543  , 00542 ,  00543  , 00544 ,  00546  , 00548
00547  , 00548 ,  00548  , 00550 ,  00550  , 00552 ,  00552  , 00553]

b = reshape (a',1,4000)
c = 1:4000
plot (c,b)



