a = [03616  , 03616 ,  03618  , 03618 ,  03616  , 03616 ,  03618  , 03618
03616  , 03618 ,  03618  , 03618 ,  03620  , 03618 ,  03620  , 03618
03618  , 03618 ,  03618  , 03620 ,  03618  , 03618 ,  03618  , 03620
03620  , 03619 ,  03619  , 03620 ,  03621  , 03620 ,  03619  , 03618
03621  , 03620 ,  03620  , 03618 ,  03621  , 03620 ,  03621  , 03621
03619  , 03621 ,  03621  , 03621 ,  03620  , 03620 ,  03621  , 03621
03621  , 03621 ,  03620  , 03622 ,  03622  , 03622 ,  03622  , 03621
03621  , 03624 ,  03621  , 03625 ,  03624  , 03622 ,  03623  , 03625
03622  , 03621 ,  03621  , 03621 ,  03621  , 03624 ,  03622  , 03624
03622  , 03621 ,  03622  , 03619 ,  03622  , 03622 ,  03624  , 03625
03624  , 03625 ,  03622  , 03621 ,  03622  , 03621 ,  03623  , 03624
03625  , 03625 ,  03623  , 03621 ,  03624  , 03624 ,  03621  , 03621
03626  , 03623 ,  03623  , 03625 ,  03623  , 03625 ,  03621  , 03621
03621  , 03621 ,  03625  , 03621 ,  03621  , 03621 ,  03619  , 03619
03621  , 03619 ,  03621  , 03619 ,  03619  , 03621 ,  03619  , 03621
03619  , 03619 ,  03619  , 03621 ,  03619  , 03618 ,  03619  , 03618
03618  , 03620 ,  03618  , 03617 ,  03618  , 03618 ,  03619  , 03617
03617  , 03617 ,  03617  , 03617 ,  03617  , 03617 ,  03617  , 03617
03613  , 03611 ,  03616  , 03611 ,  03611  , 03616 ,  03613  , 03613
03611  , 03611 ,  03611  , 03609 ,  03609  , 03605 ,  03603  , 03605
03603  , 03605 ,  03603  , 03603 ,  03602  , 03600 ,  03600  , 03595
03595  , 03600 ,  03597  , 03595 ,  03595  , 03594 ,  03593  , 03589
03589  , 03587 ,  03587  , 03589 ,  03589  , 03587 ,  03587  , 03586
03583  , 03579 ,  03583  , 03581 ,  03582  , 03583 ,  03583  , 03583
03579  , 03577 ,  03578  , 03575 ,  03575  , 03575 ,  03575  , 03575
03573  , 03571 ,  03573  , 03571 ,  03571  , 03565 ,  03565  , 03567
03563  , 03567 ,  03563  , 03563 ,  03563  , 03561 ,  03561  , 03557
03557  , 03557 ,  03557  , 03559 ,  03557  , 03557 ,  03557  , 03555
03554  , 03553 ,  03553  , 03549 ,  03547  , 03551 ,  03549  , 03549
03547  , 03547 ,  03543  , 03541 ,  03541  , 03539 ,  03539  , 03541
03541  , 03539 ,  03539  , 03539 ,  03537  , 03533 ,  03531  , 03531
03531  , 03533 ,  03531  , 03533 ,  03533  , 03529 ,  03529  , 03523
03523  , 03523 ,  03522  , 03523 ,  03523  , 03523 ,  03519  , 03515
03515  , 03511 ,  03513  , 03511 ,  03509  , 03511 ,  03511  , 03509
03507  , 03505 ,  03502  , 03499 ,  03499  , 03499 ,  03497  , 03498
03497  , 03497 ,  03497  , 03491 ,  03491  , 03485 ,  03485  , 03485
03483  , 03489 ,  03488  , 03486 ,  03483  , 03483 ,  03483  , 03479
03481  , 03479 ,  03477  , 03479 ,  03477  , 03477 ,  03475  , 03475
03473  , 03467 ,  03467  , 03467 ,  03465  , 03467 ,  03465  , 03465
03467  , 03463 ,  03461  , 03458 ,  03459  , 03457 ,  03457  , 03459
03457  , 03457 ,  03457  , 03456 ,  03450  , 03445 ,  03446  , 03445
03443  , 03445 ,  03446  , 03443 ,  03443  , 03443 ,  03439  , 03435
03435  , 03435 ,  03435  , 03435 ,  03435  , 03435 ,  03435  , 03433
03429  , 03426 ,  03426  , 03426 ,  03425  , 03427 ,  03427  , 03427
03426  , 03425 ,  03418  , 03414 ,  03415  , 03413 ,  03413  , 03413
03413  , 03411 ,  03410  , 03409 ,  03403  , 03401 ,  03400  , 03397
03397  , 03400 ,  03399  , 03397 ,  03397  , 03393 ,  03394  , 03387
03387  , 03386 ,  03387  , 03387 ,  03387  , 03385 ,  03383  , 03381
03378  , 03371 ,  03371  , 03371 ,  03370  , 03371 ,  03370  , 03370
03369  , 03365 ,  03362  , 03360 ,  03360  , 03355 ,  03355  , 03355
03357  , 03354 ,  03355  , 03354 ,  03349  , 03347 ,  03347  , 03345
03347  , 03347 ,  03347  , 03346 ,  03345  , 03339 ,  03337  , 03331
03329  , 03323 ,  03323  , 03322 ,  03323  , 03321 ,  03317  , 03313
03307  , 03305 ,  03301  , 03298 ,  03298  , 03301 ,  03301  , 03299
03297  , 03291 ,  03289  , 03283 ,  03281  , 03282 ,  03282  , 03283
03283  , 03281 ,  03282  , 03281 ,  03275  , 03273 ,  03272  , 03270
03270  , 03274 ,  03275  , 03275 ,  03275  , 03273 ,  03272  , 03269
03269  , 03267 ,  03269  , 03269 ,  03273  , 03269 ,  03267  , 03263
03259  , 03257 ,  03255  , 03253 ,  03253  , 03251 ,  03251  , 03253
03250  , 03249 ,  03243  , 03241 ,  03239  , 03237 ,  03237  , 03239
03241  , 03237 ,  03235  , 03233 ,  03227  , 03226 ,  03221  , 03219
03218  , 03221 ,  03219  , 03219 ,  03218  , 03213 ,  03209  , 03205
03201  , 03200 ,  03200  , 03200 ,  03200  , 03200 ,  03194  , 03191
03187  , 03183 ,  03181  , 03179 ,  03179  , 03179 ,  03181  , 03181
03178  , 03177 ,  03171  , 03167 ,  03163  , 03162 ,  03163  , 03165
03163  , 03163 ,  03163  , 03159 ,  03154  , 03151 ,  03145  , 03145
03145  , 03147 ,  03147  , 03147 ,  03145  , 03141 ,  03137  , 03131
03129  , 03129 ,  03127  , 03127 ,  03129  , 03123 ,  03123  , 03121
03115  , 03113 ,  03109  , 03109 ,  03109  , 03108 ,  03109  , 03107
03105  , 03101 ,  03097  , 03095 ,  03089  , 03089 ,  03090  , 03089
03091  , 03089 ,  03085  , 03083 ,  03081  , 03077 ,  03073  , 03074
03074  , 03073 ,  03075  , 03073 ,  03072  , 03067 ,  03061  , 03059
03057  , 03054 ,  03053  , 03053 ,  03051  , 03051 ,  03049  , 03045
03041  , 03038 ,  03035  , 03031 ,  03033  , 03033 ,  03033  , 03031
03029  , 03025 ,  03019  , 03017 ,  03011  , 03013 ,  03011  , 03011
03013  , 03013 ,  03011  , 03007 ,  03003  , 03001 ,  02995  , 02995
02997  , 02997 ,  02999  , 02997 ,  02995  , 02989 ,  02985  , 02981
02973  , 02973 ,  02977  , 02971 ,  02973  , 02971 ,  02967  , 02962
02955  , 02953 ,  02949  , 02947 ,  02947  , 02946 ,  02947  , 02947
02941  , 02937 ,  02934  , 02930 ,  02929  , 02929 ,  02931  , 02931
02933  , 02931 ,  02927  , 02922 ,  02921  , 02917 ,  02914  , 02913
02913  , 02911 ,  02913  , 02912 ,  02907  , 02903 ,  02899  , 02896
02891  , 02891 ,  02890  , 02889 ,  02889  , 02889 ,  02885  , 02882
02875  , 02873 ,  02867  , 02867 ,  02867  , 02867 ,  02866  , 02866
02861  , 02859 ,  02855  , 02850 ,  02843  , 02843 ,  02843  , 02843
02843  , 02845 ,  02842  , 02838 ,  02835  , 02830 ,  02827  , 02825
02825  , 02825 ,  02825  , 02825 ,  02821  , 02817 ,  02817  , 02807
02803  , 02803 ,  02803  , 02803 ,  02803  , 02802 ,  02799  , 02795
02791  , 02785 ,  02779  , 02781 ,  02779  , 02779 ,  02779  , 02779
02773  , 02769 ,  02765  , 02761 ,  02757  , 02758 ,  02757  , 02757
02758  , 02758 ,  02755  , 02747 ,  02745  , 02742 ,  02739  , 02737
02737  , 02739 ,  02739  , 02737 ,  02733  , 02730 ,  02726  , 02722
02721  , 02718 ,  02717  , 02717 ,  02715  , 02715 ,  02709  , 02705
02707  , 02703 ,  02705  , 02698 ,  02695  , 02694 ,  02692  , 02692
02688  , 02681 ,  02681  , 02679 ,  02675  , 02673 ,  02669  , 02667
02666  , 02667 ,  02662  , 02657 ,  02654  , 02653 ,  02650  , 02647
02645  , 02645 ,  02642  , 02641 ,  02635  , 02633 ,  02633  , 02627
02624  , 02619 ,  02617  , 02618 ,  02617  , 02615 ,  02611  , 02608
02603  , 02600 ,  02595  , 02594 ,  02593  , 02593 ,  02589  , 02593
02587  , 02583 ,  02581  , 02577 ,  02577  , 02571 ,  02571  , 02573
02573  , 02571 ,  02565  , 02563 ,  02561  , 02560 ,  02555  , 02553
02551  , 02551 ,  02553  , 02549 ,  02547  , 02545 ,  02539  , 02537
02533  , 02531 ,  02529  , 02530 ,  02527  , 02523 ,  02523  , 02517
02514  , 02507 ,  02505  , 02502 ,  02501  , 02501 ,  02501  , 02495
02493  , 02489 ,  02485  , 02481 ,  02479  , 02475 ,  02473  , 02473
02473  , 02469 ,  02465  , 02459 ,  02451  , 02449 ,  02443  , 02441
02441  , 02438 ,  02437  , 02435 ,  02434  , 02432 ,  02423  , 02421
02419  , 02418 ,  02417  , 02415 ,  02415  , 02414 ,  02413  , 02410
02406  , 02403 ,  02403  , 02401 ,  02399  , 02398 ,  02401  , 02395
02393  , 02393 ,  02388  , 02387 ,  02385  , 02383 ,  02379  , 02379
02379  , 02377 ,  02374  , 02370 ,  02368  , 02363 ,  02361  , 02358
02357  , 02355 ,  02355  , 02354 ,  02351  , 02349 ,  02345  , 02341
02339  , 02337 ,  02337  , 02336 ,  02335  , 02331 ,  02329  , 02325
02321  , 02317 ,  02315  , 02313 ,  02312  , 02311 ,  02309  , 02306
02304  , 02299 ,  02291  , 02290 ,  02286  , 02283 ,  02281  , 02279
02279  , 02274 ,  02273  , 02270 ,  02265  , 02265 ,  02261  , 02259
02259  , 02258 ,  02258  , 02256 ,  02255  , 02251 ,  02249  , 02249
02245  , 02243 ,  02242  , 02239 ,  02239  , 02234 ,  02233  , 02230
02226  , 02222 ,  02219  , 02216 ,  02211  , 02206 ,  02209  , 02202
02199  , 02195 ,  02190  , 02189 ,  02185  , 02182 ,  02181  , 02179
02179  , 02176 ,  02176  , 02176 ,  02167  , 02167 ,  02166  , 02165
02162  , 02163 ,  02165  , 02163 ,  02161  , 02161 ,  02157  , 02158
02155  , 02155 ,  02154  , 02153 ,  02151  , 02147 ,  02145  , 02141
02137  , 02133 ,  02131  , 02126 ,  02125  , 02121 ,  02119  , 02113
02109  , 02107 ,  02103  , 02101 ,  02097  , 02097 ,  02093  , 02091
02090  , 02089 ,  02086  , 02083 ,  02080  , 02081 ,  02077  , 02075
02074  , 02071 ,  02068  , 02065 ,  02065  , 02059 ,  02058  , 02055
02053  , 02051 ,  02049  , 02048 ,  02048  , 02048 ,  02048  , 02048
02039  , 02038 ,  02035  , 02035 ,  02033  , 02030 ,  02030  , 02027
02027  , 02025 ,  02023  , 02021 ,  02019  , 02015 ,  02013  , 02011
02010  , 02009 ,  02006  , 02003 ,  02002  , 01999 ,  01995  , 01993
01989  , 01989 ,  01983  , 01985 ,  01982  , 01979 ,  01977  , 01975
01973  , 01972 ,  01971  , 01970 ,  01969  , 01967 ,  01967  , 01963
01963  , 01961 ,  01960  , 01957 ,  01957  , 01955 ,  01949  , 01949
01945  , 01942 ,  01941  , 01937 ,  01933  , 01931 ,  01929  , 01925
01921  , 01915 ,  01915  , 01913 ,  01913  , 01909 ,  01904  , 01901
01899  , 01897 ,  01893  , 01889 ,  01887  , 01882 ,  01881  , 01877
01873  , 01873 ,  01873  , 01867 ,  01865  , 01864 ,  01861  , 01858
01859  , 01856 ,  01851  , 01851 ,  01847  , 01845 ,  01841  , 01837
01834  , 01833 ,  01830  , 01826 ,  01824  , 01819 ,  01818  , 01816
01809  , 01809 ,  01808  , 01803 ,  01803  , 01799 ,  01795  , 01796
01794  , 01789 ,  01787  , 01785 ,  01783  , 01779 ,  01781  , 01774
01773  , 01771 ,  01769  , 01767 ,  01763  , 01763 ,  01761  , 01757
01759  , 01755 ,  01754  , 01753 ,  01751  , 01750 ,  01747  , 01745
01744  , 01741 ,  01741  , 01737 ,  01733  , 01731 ,  01731  , 01726
01721  , 01720 ,  01715  , 01713 ,  01713  , 01709 ,  01702  , 01705
01701  , 01697 ,  01691  , 01690 ,  01687  , 01683 ,  01681  , 01680
01674  , 01675 ,  01671  , 01669 ,  01661  , 01658 ,  01657  , 01651
01651  , 01649 ,  01643  , 01643 ,  01642  , 01638 ,  01633  , 01629
01627  , 01625 ,  01626  , 01621 ,  01616  , 01617 ,  01613  , 01609
01607  , 01606 ,  01602  , 01601 ,  01602  , 01595 ,  01597  , 01595
01594  , 01593 ,  01587  , 01585 ,  01586  , 01582 ,  01581  , 01579
01575  , 01571 ,  01572  , 01569 ,  01561  , 01558 ,  01557  , 01553
01552  , 01547 ,  01542  , 01539 ,  01541  , 01536 ,  01532  , 01530
01526  , 01525 ,  01523  , 01519 ,  01515  , 01515 ,  01513  , 01513
01511  , 01505 ,  01505  , 01503 ,  01499  , 01497 ,  01493  , 01493
01492  , 01490 ,  01483  , 01483 ,  01482  , 01478 ,  01475  , 01474
01469  , 01467 ,  01467  , 01463 ,  01459  , 01458 ,  01453  , 01451
01450  , 01448 ,  01444  , 01445 ,  01442  , 01437 ,  01436  , 01433
01430  , 01429 ,  01427  , 01425 ,  01423  , 01421 ,  01419  , 01417
01417  , 01413 ,  01411  , 01410 ,  01410  , 01408 ,  01403  , 01400
01401  , 01395 ,  01393  , 01389 ,  01385  , 01384 ,  01381  , 01377
01374  , 01371 ,  01370  , 01364 ,  01363  , 01357 ,  01355  , 01355
01352  , 01350 ,  01347  , 01345 ,  01344  , 01341 ,  01341  , 01337
01338  , 01337 ,  01332  , 01331 ,  01329  , 01325 ,  01327  , 01325
01321  , 01318 ,  01315  , 01314 ,  01312  , 01313 ,  01306  , 01302
01302  , 01297 ,  01298  , 01293 ,  01291  , 01290 ,  01285  , 01285
01280  , 01281 ,  01277  , 01275 ,  01275  , 01269 ,  01269  , 01267
01264  , 01265 ,  01261  , 01258 ,  01259  , 01257 ,  01254  , 01249
01246  , 01245 ,  01242  , 01245 ,  01239  , 01237 ,  01235  , 01233
01230  , 01227 ,  01225  , 01225 ,  01222  , 01219 ,  01219  , 01218
01213  , 01211 ,  01211  , 01206 ,  01204  , 01205 ,  01200  , 01199
01198  , 01196 ,  01195  , 01193 ,  01189  , 01186 ,  01186  , 01182
01179  , 01179 ,  01177  , 01173 ,  01173  , 01170 ,  01168  , 01165
01162  , 01163 ,  01160  , 01158 ,  01156  , 01155 ,  01152  , 01147
01147  , 01143 ,  01143  , 01141 ,  01138  , 01135 ,  01135  , 01131
01129  , 01129 ,  01127  , 01123 ,  01123  , 01121 ,  01115  , 01116
01115  , 01113 ,  01111  , 01109 ,  01107  , 01105 ,  01101  , 01099
01099  , 01099 ,  01096  , 01095 ,  01091  , 01089 ,  01089  , 01085
01081  , 01079 ,  01077  , 01076 ,  01077  , 01074 ,  01071  , 01070
01068  , 01066 ,  01063  , 01064 ,  01058  , 01058 ,  01060  , 01054
01052  , 01051 ,  01047  , 01046 ,  01046  , 01041 ,  01040  , 01040
01037  , 01033 ,  01029  , 01027 ,  01025  , 01025 ,  01024  , 01024
01018  , 01015 ,  01015  , 01015 ,  01009  , 01009 ,  01008  , 01004
01005  , 01003 ,  01002  , 01001 ,  01001  , 00997 ,  00995  , 00997
00993  , 00992 ,  00993  , 00987 ,  00986  , 00984 ,  00982  , 00983
00979  , 00976 ,  00975  , 00973 ,  00970  , 00969 ,  00969  , 00963
00965  , 00962 ,  00957  , 00959 ,  00958  , 00955 ,  00953  , 00954
00950  , 00947 ,  00948  , 00946 ,  00941  , 00941 ,  00939  , 00937
00935  , 00933 ,  00931  , 00928 ,  00929  , 00924 ,  00921  , 00922
00915  , 00915 ,  00914  , 00910 ,  00910  , 00907 ,  00907  , 00907
00903  , 00902 ,  00901  , 00901 ,  00899  , 00896 ,  00895  , 00893
00893  , 00889 ,  00886  , 00887 ,  00884  , 00882 ,  00882  , 00877
00875  , 00874 ,  00875  , 00871 ,  00867  , 00867 ,  00863  , 00862
00860  , 00857 ,  00858  , 00857 ,  00857  , 00855 ,  00853  , 00853
00850  , 00850 ,  00849  , 00849 ,  00849  , 00845 ,  00847  , 00846
00841  , 00839 ,  00838  , 00839 ,  00836  , 00832 ,  00832  , 00829
00829  , 00825 ,  00822  , 00821 ,  00818  , 00818 ,  00815  , 00810
00811  , 00809 ,  00805  , 00803 ,  00801  , 00797 ,  00797  , 00797
00791  , 00790 ,  00789  , 00787 ,  00789  , 00789 ,  00787  , 00785
00787  , 00786 ,  00786  , 00785 ,  00784  , 00783 ,  00785  , 00782
00781  , 00781 ,  00778  , 00778 ,  00776  , 00773 ,  00772  , 00771
00769  , 00769 ,  00765  , 00762 ,  00762  , 00761 ,  00757  , 00753
00753  , 00752 ,  00751  , 00750 ,  00747  , 00747 ,  00747  , 00747
00744  , 00742 ,  00742  , 00741 ,  00742  , 00741 ,  00741  , 00735
00738  , 00737 ,  00736  , 00731 ,  00730  , 00733 ,  00730  , 00728
00727  , 00725 ,  00725  , 00724 ,  00721  , 00720 ,  00719  , 00720
00718  , 00717 ,  00716  , 00712 ,  00713  , 00715 ,  00715  , 00711
00712  , 00709 ,  00709  , 00709 ,  00705  , 00705 ,  00707  , 00705
00705  , 00704 ,  00701  , 00704 ,  00701  , 00699 ,  00698  , 00698
00697  , 00698 ,  00696  , 00690 ,  00689  , 00690 ,  00689  , 00686
00685  , 00683 ,  00683  , 00683 ,  00681  , 00679 ,  00677  , 00678
00675  , 00677 ,  00677  , 00676 ,  00676  , 00677 ,  00674  , 00674
00673  , 00674 ,  00676  , 00677 ,  00674  , 00673 ,  00675  , 00674
00673  , 00669 ,  00669  , 00671 ,  00669  , 00669 ,  00667  , 00664
00663  , 00662 ,  00659  , 00657 ,  00656  , 00656 ,  00653  , 00653
00651  , 00646 ,  00646  , 00647 ,  00645  , 00644 ,  00642  , 00643
00644  , 00642 ,  00640  , 00638 ,  00641  , 00638 ,  00639  , 00638
00638  , 00638 ,  00640  , 00635 ,  00635  , 00633 ,  00630  , 00633
00630  , 00628 ,  00627  , 00628 ,  00623  , 00624 ,  00621  , 00618
00619  , 00618 ,  00614  , 00612 ,  00613  , 00611 ,  00610  , 00609
00609  , 00605 ,  00606  , 00606 ,  00605  , 00603 ,  00600  , 00603
00602  , 00602 ,  00601  , 00600 ,  00599  , 00601 ,  00602  , 00597
00596  , 00598 ,  00595  , 00594 ,  00595  , 00590 ,  00593  , 00591
00587  , 00586 ,  00584  , 00583 ,  00582  , 00582 ,  00579  , 00576
00577  , 00576 ,  00573  , 00573 ,  00569  , 00571 ,  00571  , 00571
00569  , 00567 ,  00567  , 00566 ,  00567  , 00562 ,  00562  , 00565
00563  , 00563 ,  00563  , 00561 ,  00560  , 00561 ,  00555  , 00558
00555  , 00558 ,  00555  , 00555 ,  00552  , 00549 ,  00550  , 00552
00549  , 00548 ,  00546  , 00545 ,  00542  , 00544 ,  00541  , 00538
00540  , 00539 ,  00538  , 00535 ,  00533  , 00533 ,  00532  , 00532
00532  , 00530 ,  00531  , 00531 ,  00530  , 00528 ,  00527  , 00528
00526  , 00527 ,  00525  , 00523 ,  00525  , 00525 ,  00522  , 00521
00520  , 00521 ,  00520  , 00519 ,  00519  , 00517 ,  00518  , 00517
00515  , 00514 ,  00513  , 00513 ,  00513  , 00512 ,  00512  , 00509
00512  , 00512 ,  00508  , 00505 ,  00502  , 00505 ,  00503  , 00502
00501  , 00498 ,  00501  , 00501 ,  00499  , 00498 ,  00497  , 00497
00495  , 00497 ,  00495  , 00494 ,  00493  , 00493 ,  00493  , 00493
00491  , 00492 ,  00490  , 00491 ,  00491  , 00487 ,  00490  , 00487
00488  , 00487 ,  00486  , 00491 ,  00489  , 00486 ,  00486  , 00486
00487  , 00487 ,  00485  , 00484 ,  00486  , 00488 ,  00484  , 00484
00485  , 00482 ,  00484  , 00483 ,  00482  , 00482 ,  00483  , 00484
00481  , 00481 ,  00481  , 00479 ,  00483  , 00480 ,  00481  , 00481
00479  , 00481 ,  00480  , 00480 ,  00480  , 00477 ,  00482  , 00478
00480  , 00478 ,  00475  , 00477 ,  00477  , 00477 ,  00477  , 00475
00476  , 00475 ,  00476  , 00475 ,  00474  , 00475 ,  00473  , 00474
00475  , 00472 ,  00474  , 00475 ,  00471  , 00474 ,  00473  , 00474
00473  , 00472 ,  00471  , 00472 ,  00475  , 00472 ,  00471  , 00472
00471  , 00473 ,  00472  , 00472 ,  00472  , 00471 ,  00470  , 00471
00471  , 00470 ,  00470  , 00474 ,  00469  , 00470 ,  00471  , 00468
00471  , 00470 ,  00467  , 00467 ,  00468  , 00469 ,  00467  , 00468
00467  , 00467 ,  00469  , 00468 ,  00466  , 00466 ,  00467  , 00466
00465  , 00466 ,  00465  , 00465 ,  00465  , 00465 ,  00463  , 00464
00461  , 00465 ,  00462  , 00461 ,  00467  , 00466 ,  00467  , 00466
00464  , 00464 ,  00464  , 00463 ,  00460  , 00461 ,  00461  , 00459
00464  , 00465 ,  00462  , 00462 ,  00462  , 00464 ,  00461  , 00460
00461  , 00461 ,  00465  , 00464 ,  00463  , 00463 ,  00461  , 00463
00457  , 00457 ,  00461  , 00466 ,  00465  , 00464 ,  00462  , 00463
00461  , 00463 ,  00462  , 00460 ,  00460  , 00457 ,  00461  , 00463
00461  , 00461 ,  00460  , 00462 ,  00460  , 00458 ,  00457  , 00458
00462  , 00461 ,  00460  , 00460 ,  00461  , 00461 ,  00461  , 00460
00460  , 00457 ,  00458  , 00458 ,  00461  , 00463 ,  00462  , 00461
00460  , 00461 ,  00460  , 00460 ,  00461  , 00459 ,  00458  , 00459
00461  , 00465 ,  00461  , 00463 ,  00463  , 00460 ,  00459  , 00457
00460  , 00461 ,  00464  , 00465 ,  00463  , 00464 ,  00462  , 00461
00460  , 00459 ,  00462  , 00464 ,  00464  , 00465 ,  00463  , 00463
00462  , 00460 ,  00461  , 00463 ,  00465  , 00466 ,  00465  , 00466
00465  , 00463 ,  00460  , 00461 ,  00465  , 00466 ,  00467  , 00463
00462  , 00464 ,  00466  , 00470 ,  00470  , 00466 ,  00468  , 00469
00469  , 00469 ,  00469  , 00470 ,  00472  , 00473 ,  00472  , 00472
00473  , 00473 ,  00472  , 00472 ,  00470  , 00476 ,  00475  , 00477
00478  , 00477 ,  00481  , 00482 ,  00482  , 00481 ,  00478  , 00482
00483  , 00487 ,  00490  , 00486 ,  00487  , 00489 ,  00490  , 00493
00492  , 00494 ,  00493  , 00494 ,  00494  , 00494 ,  00495  , 00498
00498  , 00499 ,  00500  , 00502 ,  00503  , 00501 ,  00502  , 00503
00503  , 00506 ,  00509  , 00508 ,  00506  , 00512 ,  00509  , 00509
00512  , 00512 ,  00512  , 00515 ,  00514  , 00513 ,  00513  , 00514
00513  , 00518 ,  00517  , 00515 ,  00519  , 00520 ,  00519  , 00522
00520  , 00523 ,  00525  , 00525 ,  00527  , 00529 ,  00529  , 00529
00533  , 00531 ,  00533  , 00535 ,  00535  , 00538 ,  00537  , 00536
00539  , 00541 ,  00541  , 00539 ,  00541  , 00545 ,  00546  , 00547
00549  , 00546 ,  00550  , 00550 ,  00551  , 00552 ,  00552  , 00555
00557  , 00557 ,  00555  , 00556 ,  00558  , 00559 ,  00559  , 00560
00560  , 00567 ,  00565  , 00565 ,  00568  , 00566 ,  00566  , 00569
00569  , 00571 ,  00570  , 00576 ,  00576  , 00576 ,  00578  , 00577
00579  , 00580 ,  00582  , 00581 ,  00583  , 00585 ,  00586  , 00585
00590  , 00587 ,  00589  , 00593 ,  00591  , 00592 ,  00593  , 00597
00596  , 00597 ,  00598  , 00597 ,  00601  , 00602 ,  00603  , 00602
00604  , 00608 ,  00609  , 00610 ,  00609  , 00610 ,  00611  , 00613
00615  , 00615 ,  00615  , 00619 ,  00618  , 00618 ,  00620  , 00621
00623  , 00625 ,  00624  , 00625 ,  00625  , 00628 ,  00627  , 00629
00630  , 00627 ,  00631  , 00633 ,  00632  , 00634 ,  00634  , 00634
00636  , 00640 ,  00640  , 00637 ,  00640  , 00642 ,  00642  , 00641
00642  , 00646 ,  00647  , 00647 ,  00650  , 00651 ,  00652  , 00654
00656  , 00654 ,  00656  , 00659 ,  00661  , 00662 ,  00663  , 00661
00665  , 00667 ,  00669  , 00667 ,  00669  , 00672 ,  00673  , 00674
00675  , 00674 ,  00677  , 00680 ,  00681  , 00682 ,  00683  , 00685
00689  , 00689 ,  00687  , 00688 ,  00691  , 00693 ,  00695  , 00693
00695  , 00698 ,  00698  , 00699 ,  00699  , 00698 ,  00700  , 00703
00701  , 00702 ,  00706  , 00707 ,  00707  , 00709 ,  00709  , 00711
00715  , 00717 ,  00715  , 00717 ,  00719  , 00721 ,  00724  , 00726
00727  , 00728 ,  00731  , 00736 ,  00737  , 00734 ,  00739  , 00742
00745  , 00749 ,  00750  , 00754 ,  00755  , 00759 ,  00762  , 00761
00767  , 00772 ,  00772  , 00776 ,  00776  , 00777 ,  00779  , 00780
00781  , 00781 ,  00784  , 00785 ,  00787  , 00788 ,  00787  , 00791
00792  , 00793 ,  00794  , 00795 ,  00794  , 00797 ,  00801  , 00801
00802  , 00803 ,  00804  , 00805 ,  00807  , 00805 ,  00808  , 00809
00809  , 00810 ,  00809  , 00809 ,  00810  , 00812 ,  00811  , 00813
00813  , 00812 ,  00816  , 00817 ,  00816  , 00818 ,  00819  , 00821
00823  , 00825 ,  00829  , 00833 ,  00836  , 00835 ,  00836  , 00839
00842  , 00845 ,  00845  , 00843 ,  00846  , 00849 ,  00850  , 00851
00852  , 00853 ,  00855  , 00859 ,  00858  , 00859 ,  00859  , 00861
00865  , 00866 ,  00867  , 00869 ,  00871  , 00874 ,  00875  , 00875
00876  , 00877 ,  00880  , 00881 ,  00882  , 00887 ,  00886  , 00889
00891  , 00892 ,  00897  , 00898 ,  00903  , 00906 ,  00907  , 00910
00913  , 00917 ,  00917  , 00918 ,  00921  , 00922 ,  00927  , 00930
00929  , 00932 ,  00933  , 00937 ,  00937  , 00939 ,  00941  , 00941
00947  , 00947 ,  00949  , 00951 ,  00950  , 00953 ,  00955  , 00958
00958  , 00961 ,  00963  , 00964 ,  00966  , 00966 ,  00966  , 00969
00970  , 00969 ,  00971  , 00973 ,  00976  , 00976 ,  00978  , 00980
00979  , 00986 ,  00985  , 00989 ,  00991  , 00994 ,  00999  , 00998
01000  , 01002 ,  01006  , 01008 ,  01010  , 01012 ,  01014  , 01015
01024  , 01024 ,  01024  , 01025 ,  01025  , 01027 ,  01031  , 01033
01035  , 01033 ,  01037  , 01040 ,  01040  , 01042 ,  01042  , 01045
01048  , 01049 ,  01051  , 01051 ,  01055  , 01057 ,  01058  , 01059
01060  , 01061 ,  01062  , 01064 ,  01065  , 01069 ,  01073  , 01071
01075  , 01076 ,  01079  , 01081 ,  01083  , 01088 ,  01089  , 01090
01096  , 01096 ,  01098  , 01101 ,  01099  , 01103 ,  01106  , 01108
01109  , 01111 ,  01114  , 01115 ,  01117  , 01120 ,  01120  , 01122
01122  , 01125 ,  01125  , 01127 ,  01131  , 01131 ,  01133  , 01137
01138  , 01139 ,  01143  , 01146 ,  01152  , 01155 ,  01157  , 01162
01163  , 01165 ,  01166  , 01171 ,  01177  , 01178 ,  01179  , 01179
01180  , 01185 ,  01185  , 01185 ,  01187  , 01189 ,  01189  , 01193
01194  , 01194 ,  01197  , 01198 ,  01202  , 01203 ,  01205  , 01205
01209  , 01210 ,  01213  , 01216 ,  01219  , 01221 ,  01226  , 01229
01227  , 01232 ,  01237  , 01237 ,  01237  , 01242 ,  01245  , 01249
01250  , 01252 ,  01254  , 01255 ,  01257  , 01259 ,  01259  , 01261
01264  , 01266 ,  01267  , 01269 ,  01271  , 01269 ,  01273  , 01274
01273  , 01275 ,  01281  , 01282 ,  01283  , 01285 ,  01289  , 01289
01296  , 01297 ,  01298  , 01303 ,  01307  , 01312 ,  01314  , 01313
01317  , 01319 ,  01323  , 01326 ,  01326  , 01330 ,  01333  , 01335
01335  , 01338 ,  01339  , 01339 ,  01344  , 01347 ,  01346  , 01349
01353  , 01354 ,  01355  , 01355 ,  01357  , 01357 ,  01363  , 01363
01365  , 01369 ,  01367  , 01371 ,  01375  , 01373 ,  01377  , 01378
01384  , 01387 ,  01387  , 01390 ,  01393  , 01397 ,  01401  , 01399
01403  , 01403 ,  01409  , 01415 ,  01414  , 01419 ,  01421  , 01425
01425  , 01425 ,  01429  , 01429 ,  01431  , 01435 ,  01435  , 01437
01439  , 01442 ,  01445  , 01445 ,  01445  , 01449 ,  01450  , 01453
01454  , 01456 ,  01461  , 01465 ,  01469  , 01469 ,  01474  , 01473
01474  , 01481 ,  01483  , 01490 ,  01494  , 01497 ,  01501  , 01499
01501  , 01502 ,  01506  , 01509 ,  01513  , 01519 ,  01521  , 01523
01525  , 01522 ,  01522  , 01525 ,  01525  , 01530 ,  01533  , 01537
01539  , 01541 ,  01541  , 01539 ,  01542  , 01544 ,  01546  , 01553
01555  , 01561 ,  01562  , 01563 ,  01565  , 01566 ,  01567  , 01570
01574  , 01579 ,  01581  , 01585 ,  01585  , 01589 ,  01591  , 01592
01594  , 01601 ,  01605  , 01607 ,  01613  , 01615 ,  01621  , 01625
01627  , 01629 ,  01630  , 01634 ,  01635  , 01639 ,  01643  , 01646
01649  , 01651 ,  01651  , 01654 ,  01653  , 01656 ,  01659  , 01664
01664  , 01664 ,  01665  , 01667 ,  01670  , 01673 ,  01669  , 01673
01674  , 01675 ,  01681  , 01680 ,  01683  , 01685 ,  01689  , 01688
01689  , 01693 ,  01693  , 01697 ,  01699  , 01702 ,  01706  , 01709
01711  , 01713 ,  01710  , 01716 ,  01717  , 01717 ,  01723  , 01725
01729  , 01733 ,  01736  , 01735 ,  01734  , 01737 ,  01738  , 01744
01749  , 01750 ,  01753  , 01758 ,  01757  , 01758 ,  01759  , 01762
01765  , 01769 ,  01771  , 01775 ,  01778  , 01782 ,  01785  , 01787
01785  , 01787 ,  01792  , 01795 ,  01801  , 01802 ,  01806  , 01808
01809  , 01811 ,  01813  , 01817 ,  01818  , 01818 ,  01825  , 01826
01829  , 01831 ,  01829  , 01833 ,  01832  , 01833 ,  01837  , 01838
01842  , 01842 ,  01843  , 01847 ,  01849  , 01851 ,  01851  , 01858
01859  , 01861 ,  01866  , 01867 ,  01871  , 01875 ,  01878  , 01881
01882  , 01886 ,  01889  , 01892 ,  01897  , 01899 ,  01903  , 01906
01907  , 01907 ,  01909  , 01913 ,  01915  , 01918 ,  01921  , 01922
01923  , 01926 ,  01926  , 01930 ,  01929  , 01930 ,  01933  , 01936
01939  , 01939 ,  01941  , 01943 ,  01946  , 01946 ,  01949  , 01954
01957  , 01960 ,  01963  , 01965 ,  01968  , 01973 ,  01975  , 01979
01979  , 01981 ,  01986  , 01989 ,  01994  , 01995 ,  02000  , 02003
02005  , 02007 ,  02007  , 02010 ,  02011  , 02014 ,  02017  , 02019
02019  , 02021 ,  02025  , 02027 ,  02029  , 02032 ,  02035  , 02035
02039  , 02048 ,  02048  , 02048 ,  02048  , 02048 ,  02050  , 02051
02053  , 02053 ,  02054  , 02058 ,  02059  , 02059 ,  02061  , 02064
02066  , 02066 ,  02067  , 02066 ,  02069  , 02070 ,  02074  , 02075
02077  , 02081 ,  02082  , 02084 ,  02087  , 02089 ,  02089  , 02091
02095  , 02098 ,  02101  , 02101 ,  02107  , 02107 ,  02112  , 02113
02114  , 02117 ,  02120  , 02121 ,  02123  , 02125 ,  02129  , 02131
02131  , 02133 ,  02131  , 02137 ,  02141  , 02141 ,  02146  , 02149
02153  , 02155 ,  02157  , 02161 ,  02163  , 02167 ,  02167  , 02170
02171  , 02176 ,  02179  , 02182 ,  02185  , 02189 ,  02193  , 02195
02201  , 02203 ,  02205  , 02208 ,  02211  , 02213 ,  02216  , 02218
02217  , 02219 ,  02222  , 02221 ,  02225  , 02229 ,  02230  , 02233
02235  , 02237 ,  02241  , 02245 ,  02248  , 02251 ,  02253  , 02256
02261  , 02267 ,  02267  , 02273 ,  02273  , 02277 ,  02281  , 02282
02285  , 02287 ,  02293  , 02291 ,  02295  , 02299 ,  02298  , 02304
02306  , 02305 ,  02309  , 02309 ,  02314  , 02315 ,  02320  , 02321
02321  , 02325 ,  02327  , 02329 ,  02329  , 02330 ,  02334  , 02339
02339  , 02341 ,  02340  , 02342 ,  02345  , 02347 ,  02347  , 02350
02354  , 02357 ,  02358  , 02361 ,  02361  , 02368 ,  02373  , 02374
02377  , 02379 ,  02385  , 02387 ,  02391  , 02391 ,  02393  , 02397
02402  , 02403 ,  02405  , 02409 ,  02411  , 02417 ,  02419  , 02422
02423  , 02427 ,  02432  , 02435 ,  02434  , 02440 ,  02443  , 02448
02451  , 02453 ,  02453  , 02458 ,  02461  , 02465 ,  02465  , 02467
02472  , 02472 ,  02475  , 02475 ,  02475  , 02480 ,  02482  , 02482
02485  , 02485 ,  02490  , 02491 ,  02491  , 02495 ,  02499  , 02501
02501  , 02505 ,  02507  , 02509 ,  02515  , 02515 ,  02521  , 02522
02523  , 02527 ,  02533  , 02534 ,  02536  , 02539 ,  02543  , 02547
02547  , 02551 ,  02553  , 02555 ,  02562  , 02562 ,  02563  , 02568
02569  , 02571 ,  02573  , 02573 ,  02573  , 02577 ,  02579  , 02583
02583  , 02583 ,  02587  , 02592 ,  02593  , 02594 ,  02597  , 02599
02603  , 02607 ,  02606  , 02610 ,  02613  , 02617 ,  02619  , 02621
02624  , 02627 ,  02633  , 02634 ,  02634  , 02640 ,  02641  , 02645
02649  , 02646 ,  02651  , 02653 ,  02657  , 02659 ,  02661  , 02662
02665  , 02669 ,  02673  , 02671 ,  02675  , 02675 ,  02677  , 02682
02679  , 02679 ,  02681  , 02688 ,  02689  , 02690 ,  02693  , 02691
02697  , 02699 ,  02699  , 02705 ,  02707  , 02711 ,  02714  , 02713
02717  , 02721 ,  02725  , 02728 ,  02731  , 02733 ,  02739  , 02743
02746  , 02743 ,  02750  , 02753 ,  02754  , 02759 ,  02761  , 02762
02763  , 02765 ,  02765  , 02768 ,  02769  , 02765 ,  02771  , 02771
02771  , 02774 ,  02775  , 02777 ,  02778  , 02779 ,  02779  , 02785
02787  , 02789 ,  02791  , 02795 ,  02795  , 02801 ,  02807  , 02805
02811  , 02816 ,  02817  , 02821 ,  02825  , 02826 ,  02827  , 02834
02835  , 02835 ,  02841  , 02839 ,  02843  , 02845 ,  02843  , 02845
02848  , 02849 ,  02851  , 02851 ,  02851  , 02850 ,  02851  , 02853
02856  , 02858 ,  02857  , 02859 ,  02865  , 02865 ,  02867  , 02869
02871  , 02875 ,  02881  , 02881 ,  02885  , 02890 ,  02891  , 02891
02899  , 02899 ,  02901  , 02905 ,  02907  , 02910 ,  02915  , 02917
02919  , 02921 ,  02923  , 02923 ,  02925  , 02925 ,  02930  , 02933
02935  , 02937 ,  02939  , 02938 ,  02941  , 02941 ,  02945  , 02945
02949  , 02948 ,  02950  , 02955 ,  02953  , 02955 ,  02961  , 02960
02961  , 02965 ,  02967  , 02967 ,  02971  , 02971 ,  02973  , 02977
02979  , 02981 ,  02985  , 02985 ,  02987  , 02994 ,  02994  , 02995
02999  , 03001 ,  03002  , 03005 ,  03005  , 03005 ,  03011  , 03013
03011  , 03017 ,  03017  , 03019 ,  03022  , 03021 ,  03021  , 03025
03029  , 03029 ,  03033  , 03035 ,  03035  , 03042 ,  03044  , 03043
03046  , 03047 ,  03050  , 03051 ,  03051  , 03053 ,  03058  , 03063
03061  , 03065 ,  03065  , 03067 ,  03073  , 03073 ,  03076  , 03077
03081  , 03080 ,  03081  , 03083 ,  03083  , 03088 ,  03089  , 03089
03091  , 03093 ,  03093  , 03097 ,  03095  , 03097 ,  03099  , 03101
03105  , 03105 ,  03107  , 03107 ,  03109  , 03113 ,  03112  , 03115
03115  , 03120 ,  03123  , 03127 ,  03129  , 03131 ,  03137  , 03138
03139  , 03144 ,  03142  , 03145 ,  03152  , 03149 ,  03153  , 03154
03155  , 03157 ,  03159  , 03161 ,  03161  , 03163 ,  03163  , 03165
03169  , 03167 ,  03169  , 03171 ,  03173  , 03176 ,  03175  , 03177
03181  , 03182 ,  03185  , 03185 ,  03189  , 03191 ,  03189  , 03200
03200  , 03200 ,  03201  , 03202 ,  03203  , 03206 ,  03209  , 03211
03216  , 03217 ,  03218  , 03219 ,  03223  , 03223 ,  03226  , 03226
03227  , 03233 ,  03233  , 03233 ,  03235  , 03235 ,  03235  , 03241
03242  , 03241 ,  03243  , 03243 ,  03245  , 03249 ,  03247  , 03249
03251  , 03253 ,  03253  , 03255 ,  03257  , 03258 ,  03259  , 03259
03259  , 03264 ,  03267  , 03267 ,  03270  , 03271 ,  03270  , 03275
03275  , 03275 ,  03275  , 03281 ,  03283  , 03283 ,  03285  , 03285
03289  , 03291 ,  03291  , 03291 ,  03291  , 03293 ,  03297  , 03301
03301  , 03301 ,  03305  , 03305 ,  03307  , 03309 ,  03307  , 03309
03315  , 03315 ,  03314  , 03315 ,  03315  , 03317 ,  03319  , 03319
03319  , 03321 ,  03323  , 03323 ,  03323  , 03323 ,  03328  , 03333
03333  , 03334 ,  03336  , 03338 ,  03339  , 03345 ,  03346  , 03345
03349  , 03355 ,  03355  , 03355 ,  03357  , 03361 ,  03363  , 03365
03365  , 03366 ,  03369  , 03370 ,  03371  , 03371 ,  03371  , 03377
03375  , 03375 ,  03378  , 03377 ,  03379  , 03381 ,  03379  , 03378
03379  , 03379 ,  03379  , 03383 ,  03383  , 03381 ,  03383  , 03387
03382  , 03383 ,  03385  , 03385 ,  03387  , 03393 ,  03392  , 03392
03393  , 03393 ,  03397  , 03395 ,  03395  , 03397 ,  03401  , 03401
03399  , 03397 ,  03399  , 03402 ,  03401  , 03400 ,  03401  , 03403
03403  , 03409 ,  03407  , 03405 ,  03409  , 03411 ,  03410  , 03411
03413  , 03413 ,  03417  , 03419 ,  03419  , 03419 ,  03425  , 03426
03427  , 03427 ,  03427  , 03429 ,  03433  , 03433 ,  03434  , 03432
03433  , 03434 ,  03435  , 03435 ,  03435  , 03437 ,  03435  , 03439
03437  , 03434 ,  03437  , 03443 ,  03441  , 03443 ,  03445  , 03443
03442  , 03445 ,  03447  , 03449 ,  03451  , 03456 ,  03456  , 03456
03457  , 03457 ,  03460  , 03460 ,  03461  , 03461 ,  03465  , 03465
03467  , 03463 ,  03465  , 03466 ,  03465  , 03467 ,  03467  , 03467
03467  , 03472 ,  03467  , 03467 ,  03469  , 03467 ,  03465  , 03473
03472  , 03467 ,  03473  , 03475 ,  03475  , 03474 ,  03475  , 03477
03482  , 03483 ,  03483  , 03489 ,  03490  , 03491 ,  03493  , 03496
03496  , 03498 ,  03499  , 03501 ,  03501  , 03501 ,  03502  , 03505
03507  , 03505 ,  03507  , 03507 ,  03507  , 03509 ,  03507  , 03507
03507  , 03511 ,  03511  , 03509 ,  03511  , 03513 ,  03515  , 03515
03514  , 03515 ,  03517  , 03518 ,  03522  , 03519 ,  03523  , 03523
03525  , 03529 ,  03525  , 03529 ,  03529  , 03530 ,  03531  , 03529
03531  , 03533 ,  03531  , 03536 ,  03537  , 03537 ,  03539  , 03541
03541  , 03539 ,  03542  , 03542 ,  03541  , 03543 ,  03543  , 03543
03547  , 03547 ,  03547  , 03547 ,  03547  , 03547 ,  03549  , 03551
03551  , 03554 ,  03554  , 03555 ,  03557  , 03555 ,  03557  , 03560
03560  , 03561 ,  03562  , 03565 ,  03565  , 03567 ,  03567  , 03565
03567  , 03567 ,  03570  , 03573 ,  03571  , 03573 ,  03573  , 03573
03575  , 03573 ,  03577  , 03575 ,  03575  , 03579 ,  03579  , 03579
03581  , 03579 ,  03583  , 03583 ,  03583  , 03583 ,  03585  , 03587
03587  , 03586 ,  03586  , 03585 ,  03587  , 03586 ,  03589  , 03587
03589  , 03589 ,  03589  , 03589 ,  03592  , 03593 ,  03592  , 03593
03593  , 03595 ,  03594  , 03595 ,  03595  , 03594 ,  03595  , 03597
03597  , 03595 ,  03600  , 03597 ,  03600  , 03600 ,  03597  , 03597
03597  , 03601 ,  03599  , 03595 ,  03601  , 03601 ,  03602  , 03603
03601  , 03601 ,  03601  , 03603 ,  03603  , 03601 ,  03605  , 03603
03602  , 03603 ,  03603  , 03603 ,  03603  , 03605 ,  03602  , 03603
03603  , 03603 ,  03605  , 03607 ,  03605  , 03606 ,  03606  , 03605
03607  , 03605 ,  03605  , 03607 ,  03609  , 03609 ,  03607  , 03609
03607  , 03607 ,  03609  , 03606 ,  03610  , 03610 ,  03610  , 03610
03610  , 03611 ,  03611  , 03613 ,  03611  , 03611 ,  03616  , 03613
03611  , 03616 ,  03611  , 03616 ,  03616  , 03616 ,  03613  , 03611
03616  , 03617 ,  03618  , 03617 ,  03611  , 03617 ,  03617  , 03617
03617  , 03616 ,  03617  , 03618 ,  03619  , 03618 ,  03617  , 03617
03618  , 03619 ,  03619  , 03617 ,  03617  , 03617 ,  03619  , 03621]

b = reshape (a',1,4000)
c = 1:4000
plot (c,b)
