a = [02530  , 02534 ,  02538  , 02541 ,  02547  , 02550 ,  02553  , 02553
02554  , 02560 ,  02560  , 02560 ,  02562  , 02567 ,  02570  , 02573
02577  , 02578 ,  02578  , 02578 ,  02580  , 02582 ,  02587  , 02589
02593  , 02596 ,  02597  , 02597 ,  02596  , 02600 ,  02599  , 02602
02604  , 02605 ,  02608  , 02611 ,  02614  , 02618 ,  02619  , 02624
02625  , 02628 ,  02632  , 02632 ,  02634  , 02634 ,  02637  , 02642
02642  , 02644 ,  02645  , 02649 ,  02650  , 02652 ,  02654  , 02655
02660  , 02662 ,  02665  , 02665 ,  02666  , 02669 ,  02673  , 02676
02678  , 02682 ,  02688  , 02692 ,  02692  , 02693 ,  02696  , 02698
02704  , 02705 ,  02708  , 02710 ,  02713  , 02717 ,  02717  , 02717
02724  , 02724 ,  02728  , 02729 ,  02731  , 02731 ,  02733  , 02736
02733  , 02737 ,  02738  , 02738 ,  02740  , 02741 ,  02742  , 02745
02746  , 02749 ,  02749  , 02753 ,  02753  , 02756 ,  02760  , 02761
02765  , 02764 ,  02769  , 02773 ,  02774  , 02778 ,  02781  , 02784
02789  , 02788 ,  02793  , 02796 ,  02798  , 02802 ,  02804  , 02806
02808  , 02813 ,  02816  , 02817 ,  02818  , 02821 ,  02825  , 02829
02828  , 02830 ,  02834  , 02834 ,  02838  , 02840 ,  02841  , 02843
02846  , 02850 ,  02850  , 02852 ,  02853  , 02853 ,  02858  , 02860
02862  , 02865 ,  02868  , 02869 ,  02870  , 02872 ,  02874  , 02875
02880  , 02882 ,  02884  , 02885 ,  02888  , 02890 ,  02889  , 02892
02893  , 02897 ,  02898  , 02900 ,  02902  , 02905 ,  02907  , 02909
02913  , 02914 ,  02915  , 02918 ,  02920  , 02923 ,  02924  , 02925
02927  , 02930 ,  02930  , 02933 ,  02934  , 02936 ,  02938  , 02944
02942  , 02946 ,  02949  , 02950 ,  02952  , 02954 ,  02954  , 02956
02960  , 02964 ,  02966  , 02965 ,  02970  , 02971 ,  02973  , 02977
02978  , 02978 ,  02981  , 02984 ,  02985  , 02987 ,  02993  , 02994
02997  , 02997 ,  03000  , 03001 ,  03002  , 03008 ,  03009  , 03011
03012  , 03014 ,  03016  , 03018 ,  03020  , 03020 ,  03024  , 03026
03029  , 03030 ,  03034  , 03037 ,  03035  , 03040 ,  03040  , 03040
03042  , 03045 ,  03048  , 03050 ,  03052  , 03054 ,  03055  , 03055
03060  , 03058 ,  03059  , 03064 ,  03066  , 03067 ,  03069  , 03073
03074  , 03074 ,  03077  , 03080 ,  03080  , 03085 ,  03088  , 03090
03094  , 03093 ,  03096  , 03098 ,  03104  , 03104 ,  03104  , 03109
03110  , 03113 ,  03114  , 03114 ,  03116  , 03120 ,  03122  , 03122
03122  , 03125 ,  03129  , 03129 ,  03131  , 03136 ,  03136  , 03136
03138  , 03138 ,  03137  , 03144 ,  03142  , 03145 ,  03146  , 03146
03149  , 03153 ,  03156  , 03156 ,  03158  , 03163 ,  03168  , 03168
03172  , 03173 ,  03178  , 03178 ,  03181  , 03186 ,  03183  , 03190
03193  , 03194 ,  03194  , 03194 ,  03200  , 03200 ,  03202  , 03201
03202  , 03205 ,  03206  , 03209 ,  03210  , 03209 ,  03210  , 03213
03217  , 03217 ,  03217  , 03220 ,  03224  , 03227 ,  03229  , 03228
03232  , 03233 ,  03237  , 03237 ,  03240  , 03243 ,  03249  , 03250
03252  , 03251 ,  03253  , 03256 ,  03258  , 03259 ,  03259  , 03264
03265  , 03266 ,  03268  , 03266 ,  03269  , 03270 ,  03274  , 03274
03274  , 03275 ,  03278  , 03282 ,  03281  , 03282 ,  03284  , 03286
03290  , 03290 ,  03291  , 03296 ,  03300  , 03301 ,  03304  , 03302
03308  , 03311 ,  03313  , 03316 ,  03316  , 03319 ,  03322  , 03328
03328  , 03328 ,  03328  , 03328 ,  03328  , 03328 ,  03328  , 03328
03331  , 03330 ,  03330  , 03330 ,  03330  , 03332 ,  03330  , 03330
03333  , 03336 ,  03337  , 03340 ,  03341  , 03341 ,  03346  , 03348
03350  , 03349 ,  03354  , 03355 ,  03361  , 03363 ,  03364  , 03366
03368  , 03371 ,  03372  , 03371 ,  03373  , 03377 ,  03378  , 03380
03381  , 03382 ,  03383  , 03386 ,  03386  , 03386 ,  03387  , 03392
03394  , 03394 ,  03396  , 03394 ,  03398  , 03401 ,  03401  , 03401
03401  , 03402 ,  03405  , 03406 ,  03405  , 03405 ,  03408  , 03408
03408  , 03406 ,  03410  , 03410 ,  03413  , 03413 ,  03412  , 03413
03414  , 03417 ,  03418  , 03418 ,  03419  , 03424 ,  03426  , 03429
03428  , 03428 ,  03430  , 03432 ,  03432  , 03434 ,  03434  , 03435
03437  , 03439 ,  03436  , 03435 ,  03437  , 03438 ,  03437  , 03437
03438  , 03438 ,  03442  , 03442 ,  03442  , 03442 ,  03444  , 03446
03446  , 03446 ,  03449  , 03450 ,  03456  , 03456 ,  03457  , 03458
03461  , 03461 ,  03462  , 03461 ,  03464  , 03465 ,  03468  , 03473
03468  , 03469 ,  03472  , 03474 ,  03474  , 03474 ,  03474  , 03477
03480  , 03481 ,  03482  , 03481 ,  03483  , 03483 ,  03483  , 03485
03488  , 03488 ,  03492  , 03490 ,  03490  , 03490 ,  03492  , 03493
03488  , 03490 ,  03491  , 03492 ,  03493  , 03496 ,  03496  , 03492
03496  , 03498 ,  03496  , 03498 ,  03500  , 03499 ,  03505  , 03507
03506  , 03506 ,  03509  , 03512 ,  03513  , 03512 ,  03514  , 03515
03522  , 03522 ,  03520  , 03522 ,  03522  , 03524 ,  03525  , 03524
03525  , 03525 ,  03526  , 03530 ,  03526  , 03529 ,  03530  , 03530
03530  , 03531 ,  03533  , 03533 ,  03537  , 03536 ,  03537  , 03538
03537  , 03542 ,  03541  , 03542 ,  03542  , 03541 ,  03546  , 03546
03547  , 03549 ,  03552  , 03554 ,  03554  , 03554 ,  03554  , 03555
03557  , 03557 ,  03557  , 03558 ,  03561  , 03562 ,  03560  , 03560
03562  , 03561 ,  03565  , 03564 ,  03562  , 03562 ,  03562  , 03563
03561  , 03562 ,  03565  , 03565 ,  03565  , 03567 ,  03565  , 03570
03566  , 03570 ,  03569  , 03570 ,  03574  , 03572 ,  03574  , 03577
03577  , 03577 ,  03579  , 03580 ,  03581  , 03581 ,  03584  , 03584
03588  , 03589 ,  03587  , 03589 ,  03590  , 03592 ,  03592  , 03592
03593  , 03593 ,  03595  , 03595 ,  03595  , 03595 ,  03597  , 03601
03598  , 03600 ,  03600  , 03600 ,  03602  , 03602 ,  03600  , 03602
03602  , 03604 ,  03604  , 03605 ,  03607  , 03605 ,  03606  , 03608
03607  , 03608 ,  03609  , 03610 ,  03610  , 03610 ,  03610  , 03610
03616  , 03616 ,  03611  , 03616 ,  03611  , 03616 ,  03616  , 03616
03616  , 03616 ,  03616  , 03616 ,  03611  , 03616 ,  03617  , 03617
03616  , 03616 ,  03618  , 03618 ,  03618  , 03616 ,  03616  , 03617
03617  , 03618 ,  03616  , 03618 ,  03618  , 03620 ,  03621  , 03620
03618  , 03621 ,  03620  , 03621 ,  03619  , 03620 ,  03624  , 03621
03622  , 03621 ,  03621  , 03622 ,  03622  , 03624 ,  03624  , 03624
03626  , 03623 ,  03625  , 03626 ,  03624  , 03626 ,  03626  , 03625
03626  , 03625 ,  03627  , 03626 ,  03627  , 03627 ,  03625  , 03627
03627  , 03627 ,  03626  , 03626 ,  03627  , 03627 ,  03629  , 03629
03627  , 03629 ,  03629  , 03629 ,  03628  , 03629 ,  03630  , 03630
03629  , 03630 ,  03633  , 03634 ,  03629  , 03630 ,  03627  , 03630
03632  , 03629 ,  03630  , 03632 ,  03630  , 03634 ,  03634  , 03632
03634  , 03633 ,  03634  , 03633 ,  03634  , 03634 ,  03632  , 03634
03634  , 03634 ,  03634  , 03635 ,  03636  , 03635 ,  03636  , 03636
03633  , 03636 ,  03637  , 03634 ,  03634  , 03634 ,  03637  , 03634
03637  , 03638 ,  03636  , 03637 ,  03637  , 03637 ,  03636  , 03636
03638  , 03636 ,  03638  , 03637 ,  03637  , 03638 ,  03638  , 03640
03637  , 03637 ,  03638  , 03638 ,  03638  , 03638 ,  03638  , 03640
03640  , 03640 ,  03638  , 03638 ,  03642  , 03641 ,  03642  , 03640
03638  , 03641 ,  03641  , 03641 ,  03642  , 03641 ,  03642  , 03642
03642  , 03642 ,  03641  , 03642 ,  03643  , 03642 ,  03641  , 03641
03643  , 03641 ,  03642  , 03641 ,  03641  , 03642 ,  03643  , 03643
03642  , 03643 ,  03643  , 03642 ,  03643  , 03642 ,  03642  , 03643
03644  , 03643 ,  03642  , 03642 ,  03643  , 03642 ,  03648  , 03642
03644  , 03642 ,  03642  , 03648 ,  03642  , 03642 ,  03648  , 03641
03643  , 03643 ,  03644  , 03642 ,  03642  , 03642 ,  03642  , 03642
03641  , 03642 ,  03643  , 03642 ,  03642  , 03643 ,  03643  , 03648
03641  , 03643 ,  03645  , 03642 ,  03643  , 03642 ,  03642  , 03648
03648  , 03648 ,  03641  , 03642 ,  03642  , 03642 ,  03648  , 03642
03642  , 03641 ,  03641  , 03642 ,  03642  , 03642 ,  03642  , 03641
03642  , 03640 ,  03639  , 03641 ,  03642  , 03642 ,  03638  , 03639
03640  , 03642 ,  03641  , 03641 ,  03639  , 03642 ,  03640  , 03641
03637  , 03637 ,  03638  , 03637 ,  03640  , 03636 ,  03637  , 03638
03636  , 03638 ,  03637  , 03634 ,  03636  , 03634 ,  03634  , 03635
03634  , 03633 ,  03631  , 03634 ,  03633  , 03630 ,  03629  , 03622
03624  , 03627 ,  03629  , 03630 ,  03629  , 03627 ,  03626  , 03626
03624  , 03621 ,  03622  , 03620 ,  03618  , 03618 ,  03621  , 03625
03618  , 03617 ,  03617  , 03611 ,  03616  , 03611 ,  03610  , 03617
03616  , 03616 ,  03609  , 03609 ,  03610  , 03609 ,  03611  , 03608
03602  , 03602 ,  03603  , 03606 ,  03608  , 03604 ,  03600  , 03602
03606  , 03607 ,  03605  , 03602 ,  03595  , 03600 ,  03600  , 03597
03600  , 03598 ,  03600  , 03602 ,  03600  , 03597 ,  03597  , 03597
03595  , 03596 ,  03596  , 03596 ,  03600  , 03597 ,  03590  , 03588
03588  , 03594 ,  03593  , 03588 ,  03583  , 03579 ,  03582  , 03583
03579  , 03579 ,  03579  , 03585 ,  03581  , 03575 ,  03572  , 03573
03574  , 03576 ,  03573  , 03573 ,  03573  , 03573 ,  03570  , 03563
03563  , 03564 ,  03565  , 03565 ,  03562  , 03561 ,  03562  , 03563
03562  , 03561 ,  03560  , 03558 ,  03561  , 03560 ,  03557  , 03557
03557  , 03560 ,  03555  , 03547 ,  03545  , 03545 ,  03547  , 03546
03541  , 03540 ,  03538  , 03540 ,  03538  , 03537 ,  03536  , 03531
03534  , 03536 ,  03533  , 03529 ,  03530  , 03530 ,  03525  , 03525
03525  , 03521 ,  03524  , 03525 ,  03520  , 03520 ,  03520  , 03518
03517  , 03515 ,  03514  , 03512 ,  03515  , 03517 ,  03513  , 03511
03510  , 03510 ,  03509  , 03506 ,  03506  , 03506 ,  03501  , 03501
03498  , 03497 ,  03493  , 03493 ,  03492  , 03490 ,  03490  , 03488
03488  , 03488 ,  03482  , 03482 ,  03482  , 03482 ,  03480  , 03479
03477  , 03474 ,  03476  , 03477 ,  03474  , 03472 ,  03473  , 03472
03472  , 03466 ,  03465  , 03466 ,  03466  , 03466 ,  03465  , 03464
03461  , 03464 ,  03461  , 03460 ,  03457  , 03456 ,  03456  , 03456
03451  , 03449 ,  03449  , 03447 ,  03445  , 03444 ,  03442  , 03439
03440  , 03442 ,  03437  , 03435 ,  03437  , 03435 ,  03430  , 03432
03429  , 03428 ,  03429  , 03426 ,  03425  , 03424 ,  03424  , 03421
03421  , 03417 ,  03417  , 03418 ,  03416  , 03417 ,  03413  , 03410
03409  , 03410 ,  03408  , 03406 ,  03406  , 03402 ,  03405  , 03402
03400  , 03394 ,  03397  , 03396 ,  03394  , 03392 ,  03392  , 03386
03387  , 03387 ,  03382  , 03382 ,  03382  , 03378 ,  03378  , 03376
03373  , 03370 ,  03371  , 03370 ,  03366  , 03365 ,  03364  , 03363
03362  , 03360 ,  03354  , 03354 ,  03350  , 03350 ,  03348  , 03346
03345  , 03344 ,  03344  , 03339 ,  03338  , 03337 ,  03338  , 03338
03336  , 03333 ,  03332  , 03330 ,  03329  , 03330 ,  03328  , 03328
03328  , 03328 ,  03322  , 03319 ,  03318  , 03318 ,  03317  , 03313
03310  , 03311 ,  03310  , 03310 ,  03308  , 03306 ,  03304  , 03304
03300  , 03300 ,  03298  , 03297 ,  03296  , 03296 ,  03293  , 03290
03290  , 03286 ,  03289  , 03287 ,  03282  , 03282 ,  03284  , 03282
03278  , 03275 ,  03275  , 03273 ,  03274  , 03272 ,  03266  , 03268
03266  , 03264 ,  03264  , 03256 ,  03254  , 03258 ,  03256  , 03252
03250  , 03249 ,  03245  , 03244 ,  03242  , 03238 ,  03241  , 03237
03237  , 03236 ,  03232  , 03232 ,  03232  , 03232 ,  03227  , 03226
03226  , 03223 ,  03225  , 03220 ,  03217  , 03218 ,  03216  , 03214
03213  , 03210 ,  03209  , 03205 ,  03205  , 03200 ,  03200  , 03200
03194  , 03194 ,  03190  , 03187 ,  03188  , 03183 ,  03179  , 03179
03177  , 03177 ,  03176  , 03173 ,  03170  , 03166 ,  03168  , 03162
03160  , 03156 ,  03152  , 03149 ,  03146  , 03144 ,  03140  , 03136
03131  , 03130 ,  03124  , 03122 ,  03122  , 03121 ,  03117  , 03114
03113  , 03109 ,  03108  , 03108 ,  03106  , 03104 ,  03104  , 03099
03098  , 03098 ,  03097  , 03093 ,  03090  , 03092 ,  03092  , 03088
03087  , 03088 ,  03088  , 03086 ,  03085  , 03082 ,  03084  , 03082
03083  , 03081 ,  03080  , 03080 ,  03078  , 03077 ,  03077  , 03074
03072  , 03072 ,  03066  , 03064 ,  03065  , 03063 ,  03059  , 03060
03054  , 03050 ,  03049  , 03048 ,  03043  , 03042 ,  03040  , 03040
03035  , 03034 ,  03034  , 03029 ,  03028  , 03026 ,  03026  , 03022
03019  , 03018 ,  03016  , 03014 ,  03012  , 03010 ,  03005  , 03003
03001  , 02996 ,  02994  , 02995 ,  02994  , 02990 ,  02988  , 02985
02985  , 02981 ,  02981  , 02980 ,  02976  , 02977 ,  02976  , 02971
02972  , 02970 ,  02968  , 02966 ,  02962  , 02960 ,  02957  , 02956
02954  , 02952 ,  02949  , 02946 ,  02940  , 02938 ,  02937  , 02931
02931  , 02931 ,  02927  , 02926 ,  02924  , 02921 ,  02917  , 02915
02914  , 02912 ,  02909  , 02908 ,  02906  , 02902 ,  02901  , 02899
02896  , 02893 ,  02891  , 02889 ,  02886  , 02885 ,  02882  , 02881
02880  , 02875 ,  02874  , 02871 ,  02869  , 02866 ,  02865  , 02862
02861  , 02857 ,  02856  , 02854 ,  02849  , 02849 ,  02848  , 02841
02839  , 02836 ,  02834  , 02834 ,  02833  , 02827 ,  02825  , 02824
02824  , 02821 ,  02818  , 02816 ,  02813  , 02810 ,  02809  , 02808
02804  , 02802 ,  02799  , 02797 ,  02792  , 02792 ,  02790  , 02786
02787  , 02784 ,  02779  , 02778 ,  02777  , 02772 ,  02773  , 02772
02769  , 02766 ,  02766  , 02766 ,  02762  , 02762 ,  02760  , 02758
02758  , 02756 ,  02754  , 02752 ,  02752  , 02748 ,  02745  , 02741
02741  , 02738 ,  02734  , 02733 ,  02731  , 02730 ,  02728  , 02725
02722  , 02720 ,  02717  , 02713 ,  02711  , 02709 ,  02706  , 02704
02701  , 02698 ,  02693  , 02693 ,  02689  , 02688 ,  02682  , 02682
02682  , 02677 ,  02673  , 02673 ,  02669  , 02667 ,  02665  , 02661
02662  , 02660 ,  02661  , 02657 ,  02657  , 02657 ,  02653  , 02651
02650  , 02648 ,  02649  , 02646 ,  02645  , 02642 ,  02641  , 02637
02635  , 02633 ,  02628  , 02619 ,  02619  , 02617 ,  02617  , 02613
02610  , 02605 ,  02600  , 02594 ,  02586  , 02585 ,  02586  , 02585
02586  , 02583 ,  02579  , 02578 ,  02571  , 02568 ,  02565  , 02562
02564  , 02564 ,  02565  , 02563 ,  02562  , 02560 ,  02553  , 02550
02546  , 02545 ,  02546  , 02542 ,  02543  , 02541 ,  02538  , 02534
02530  , 02528 ,  02522  , 02521 ,  02518  , 02517 ,  02518  , 02518
02512  , 02509 ,  02504  , 02501 ,  02498  , 02494 ,  02496  , 02494
02494  , 02493 ,  02489  , 02485 ,  02482  , 02478 ,  02474  , 02473
02472  , 02469 ,  02468  , 02468 ,  02464  , 02459 ,  02457  , 02452
02450  , 02449 ,  02448  , 02442 ,  02442  , 02441 ,  02438  , 02436
02436  , 02430 ,  02428  , 02426 ,  02426  , 02422 ,  02418  , 02417
02414  , 02410 ,  02406  , 02397 ,  02390  , 02386 ,  02384  , 02380
02378  , 02378 ,  02376  , 02370 ,  02371  , 02365 ,  02362  , 02360
02361  , 02363 ,  02362  , 02363 ,  02359  , 02354 ,  02353  , 02348
02346  , 02346 ,  02346  , 02346 ,  02345  , 02345 ,  02342  , 02339
02338  , 02331 ,  02327  , 02328 ,  02325  , 02324 ,  02322  , 02320
02316  , 02309 ,  02308  , 02304 ,  02298  , 02297 ,  02294  , 02293
02292  , 02290 ,  02286  , 02284 ,  02284  , 02280 ,  02278  , 02277
02274  , 02274 ,  02274  , 02272 ,  02269  , 02266 ,  02265  , 02261
02258  , 02259 ,  02253  , 02253 ,  02250  , 02250 ,  02245  , 02241
02237  , 02232 ,  02228  , 02226 ,  02221  , 02218 ,  02216  , 02213
02209  , 02204 ,  02202  , 02197 ,  02194  , 02194 ,  02189  , 02189
02186  , 02186 ,  02184  , 02180 ,  02178  , 02176 ,  02171  , 02170
02169  , 02169 ,  02165  , 02165 ,  02162  , 02159 ,  02158  , 02157
02153  , 02153 ,  02150  , 02148 ,  02145  , 02144 ,  02141  , 02135
02135  , 02130 ,  02129  , 02126 ,  02123  , 02122 ,  02118  , 02116
02114  , 02112 ,  02108  , 02106 ,  02105  , 02101 ,  02100  , 02098
02095  , 02092 ,  02092  , 02088 ,  02087  , 02085 ,  02082  , 02081
02080  , 02074 ,  02072  , 02066 ,  02062  , 02058 ,  02054  , 02050
02050  , 02048 ,  02048  , 02048 ,  02042  , 02038 ,  02037  , 02034
02034  , 02032 ,  02029  , 02028 ,  02027  , 02025 ,  02024  , 02021
02018  , 02018 ,  02016  , 02013 ,  02013  , 02012 ,  02011  , 02009
02008  , 02004 ,  02004  , 02002 ,  02002  , 02001 ,  01997  , 01997
01995  , 01993 ,  01990  , 01988 ,  01986  , 01982 ,  01980  , 01977
01975  , 01970 ,  01970  , 01964 ,  01962  , 01957 ,  01954  , 01952
01946  , 01944 ,  01940  , 01939 ,  01933  , 01930 ,  01928  , 01923
01924  , 01922 ,  01922  , 01917 ,  01914  , 01909 ,  01908  , 01905
01901  , 01898 ,  01897  , 01894 ,  01893  , 01890 ,  01889  , 01884
01883  , 01882 ,  01882  , 01878 ,  01877  , 01877 ,  01874  , 01874
01872  , 01869 ,  01865  , 01865 ,  01861  , 01858 ,  01853  , 01851
01844  , 01844 ,  01844  , 01836 ,  01836  , 01832 ,  01832  , 01825
01822  , 01817 ,  01813  , 01814 ,  01810  , 01805 ,  01802  , 01798
01797  , 01794 ,  01789  , 01786 ,  01784  , 01784 ,  01781  , 01778
01774  , 01773 ,  01774  , 01769 ,  01768  , 01766 ,  01765  , 01768
01768  , 01764 ,  01762  , 01762 ,  01761  , 01760 ,  01757  , 01756
01753  , 01754 ,  01754  , 01747 ,  01746  , 01742 ,  01740  , 01738
01734  , 01731 ,  01726  , 01725 ,  01722  , 01717 ,  01714  , 01709
01706  , 01701 ,  01698  , 01693 ,  01690  , 01688 ,  01685  , 01681
01675  , 01674 ,  01672  , 01668 ,  01665  , 01665 ,  01658  , 01664
01659  , 01654 ,  01653  , 01652 ,  01650  , 01650 ,  01648  , 01643
01642  , 01642 ,  01639  , 01637 ,  01633  , 01632 ,  01629  , 01627
01622  , 01621 ,  01618  , 01619 ,  01618  , 01613 ,  01608  , 01610
01609  , 01604 ,  01602  , 01600 ,  01596  , 01595 ,  01594  , 01587
01585  , 01586 ,  01582  , 01580 ,  01577  , 01574 ,  01572  , 01570
01570  , 01568 ,  01563  , 01560 ,  01558  , 01554 ,  01552  , 01547
01545  , 01544 ,  01542  , 01538 ,  01533  , 01533 ,  01529  , 01526
01522  , 01518 ,  01516  , 01514 ,  01514  , 01508 ,  01506  , 01505
01504  , 01502 ,  01500  , 01497 ,  01495  , 01497 ,  01494  , 01489
01488  , 01485 ,  01484  , 01484 ,  01481  , 01477 ,  01477  , 01473
01470  , 01470 ,  01466  , 01463 ,  01464  , 01462 ,  01458  , 01458
01456  , 01454 ,  01454  , 01450 ,  01447  , 01449 ,  01445  , 01444
01442  , 01437 ,  01434  , 01435 ,  01433  , 01430 ,  01426  , 01424
01420  , 01419 ,  01416  , 01410 ,  01410  , 01408 ,  01403  , 01401
01395  , 01392 ,  01390  , 01388 ,  01385  , 01381 ,  01380  , 01376
01374  , 01371 ,  01365  , 01366 ,  01362  , 01358 ,  01357  , 01354
01353  , 01352 ,  01353  , 01349 ,  01346  , 01346 ,  01345  , 01345
01341  , 01339 ,  01340  , 01338 ,  01335  , 01334 ,  01331  , 01328
01328  , 01326 ,  01322  , 01318 ,  01318  , 01313 ,  01312  , 01308
01304  , 01301 ,  01303  , 01299 ,  01297  , 01293 ,  01289  , 01288
01289  , 01284 ,  01281  , 01280 ,  01274  , 01274 ,  01273  , 01267
01267  , 01266 ,  01262  , 01259 ,  01256  , 01256 ,  01251  , 01251
01248  , 01245 ,  01246  , 01243 ,  01240  , 01241 ,  01237  , 01234
01234  , 01233 ,  01231  , 01229 ,  01227  , 01225 ,  01225  , 01223
01220  , 01217 ,  01217  , 01214 ,  01211  , 01208 ,  01208  , 01206
01204  , 01201 ,  01199  , 01194 ,  01192  , 01190 ,  01187  , 01181
01180  , 01178 ,  01172  , 01174 ,  01168  , 01166 ,  01163  , 01163
01159  , 01160 ,  01160  , 01156 ,  01160  , 01157 ,  01155  , 01152
01150  , 01147 ,  01146  , 01144 ,  01142  , 01142 ,  01142  , 01141
01138  , 01134 ,  01132  , 01131 ,  01128  , 01124 ,  01124  , 01120
01118  , 01116 ,  01115  , 01110 ,  01108  , 01107 ,  01101  , 01099
01100  , 01098 ,  01092  , 01093 ,  01089  , 01088 ,  01085  , 01082
01081  , 01079 ,  01076  , 01075 ,  01075  , 01070 ,  01070  , 01067
01062  , 01064 ,  01062  , 01060 ,  01059  , 01058 ,  01056  , 01053
01052  , 01048 ,  01048  , 01046 ,  01042  , 01042 ,  01041  , 01036
01035  , 01035 ,  01032  , 01029 ,  01026  , 01024 ,  01024  , 01024
01018  , 01016 ,  01014  , 01011 ,  01011  , 01007 ,  01005  , 01003
01002  , 01001 ,  00997  , 00997 ,  00994  , 00992 ,  00994  , 00989
00987  , 00986 ,  00985  , 00984 ,  00982  , 00980 ,  00978  , 00979
00979  , 00973 ,  00973  , 00970 ,  00968  , 00968 ,  00965  , 00962
00962  , 00960 ,  00957  , 00953 ,  00949  , 00946 ,  00946  , 00944
00938  , 00936 ,  00932  , 00928 ,  00929  , 00926 ,  00921  , 00920
00918  , 00917 ,  00916  , 00913 ,  00909  , 00912 ,  00910  , 00907
00906  , 00902 ,  00901  , 00903 ,  00900  , 00896 ,  00893  , 00892
00891  , 00887 ,  00887  , 00883 ,  00885  , 00885 ,  00878  , 00880
00874  , 00875 ,  00875  , 00872 ,  00869  , 00867 ,  00868  , 00868
00862  , 00861 ,  00859  , 00858 ,  00860  , 00853 ,  00850  , 00850
00848  , 00849 ,  00847  , 00843 ,  00840  , 00841 ,  00839  , 00837
00835  , 00832 ,  00833  , 00833 ,  00826  , 00826 ,  00824  , 00824
00822  , 00821 ,  00816  , 00814 ,  00816  , 00814 ,  00811  , 00810
00806  , 00806 ,  00806  , 00801 ,  00798  , 00795 ,  00794  , 00794
00794  , 00789 ,  00786  , 00787 ,  00786  , 00781 ,  00781  , 00778
00778  , 00778 ,  00777  , 00776 ,  00774  , 00773 ,  00776  , 00773
00770  , 00769 ,  00768  , 00769 ,  00768  , 00765 ,  00763  , 00760
00761  , 00757 ,  00753  , 00751 ,  00748  , 00750 ,  00747  , 00742
00740  , 00738 ,  00740  , 00736 ,  00733  , 00730 ,  00731  , 00730
00728  , 00723 ,  00723  , 00722 ,  00720  , 00719 ,  00718  , 00713
00715  , 00715 ,  00711  , 00709 ,  00708  , 00708 ,  00708  , 00707
00705  , 00704 ,  00702  , 00704 ,  00702  , 00700 ,  00700  , 00700
00702  , 00699 ,  00698  , 00698 ,  00696  , 00698 ,  00696  , 00692
00691  , 00691 ,  00690  , 00689 ,  00684  , 00681 ,  00681  , 00681
00678  , 00676 ,  00674  , 00674 ,  00674  , 00674 ,  00667  , 00665
00667  , 00666 ,  00662  , 00664 ,  00662  , 00662 ,  00660  , 00661
00658  , 00658 ,  00657  , 00657 ,  00658  , 00656 ,  00655  , 00656
00657  , 00653 ,  00651  , 00650 ,  00650  , 00652 ,  00650  , 00645
00645  , 00643 ,  00642  , 00642 ,  00638  , 00634 ,  00635  , 00635
00634  , 00631 ,  00629  , 00629 ,  00632  , 00630 ,  00627  , 00627
00628  , 00627 ,  00627  , 00626 ,  00626  , 00627 ,  00627  , 00626
00622  , 00621 ,  00623  , 00622 ,  00622  , 00617 ,  00619  , 00618
00618  , 00617 ,  00614  , 00613 ,  00613  , 00613 ,  00609  , 00608
00607  , 00605 ,  00603  , 00602 ,  00601  , 00596 ,  00598  , 00595
00596  , 00593 ,  00590  , 00591 ,  00587  , 00589 ,  00585  , 00585
00583  , 00584 ,  00585  , 00582 ,  00580  , 00581 ,  00581  , 00581
00580  , 00576 ,  00579  , 00579 ,  00578  , 00576 ,  00577  , 00576
00576  , 00578 ,  00571  , 00570 ,  00572  , 00571 ,  00569  , 00568
00567  , 00566 ,  00565  , 00564 ,  00560  , 00558 ,  00558  , 00557
00558  , 00554 ,  00551  , 00551 ,  00549  , 00549 ,  00546  , 00544
00544  , 00546 ,  00543  , 00541 ,  00544  , 00541 ,  00542  , 00540
00539  , 00539 ,  00540  , 00538 ,  00538  , 00536 ,  00537  , 00535
00538  , 00537 ,  00532  , 00533 ,  00534  , 00532 ,  00532  , 00529
00530  , 00529 ,  00529  , 00528 ,  00524  , 00524 ,  00522  , 00523
00522  , 00517 ,  00519  , 00517 ,  00514  , 00514 ,  00513  , 00507
00512  , 00508 ,  00505  , 00504 ,  00502  , 00501 ,  00502  , 00504
00501  , 00499 ,  00500  , 00500 ,  00499  , 00499 ,  00499  , 00500
00498  , 00498 ,  00494  , 00495 ,  00496  , 00494 ,  00495  , 00494
00496  , 00495 ,  00494  , 00494 ,  00491  , 00491 ,  00492  , 00492
00490  , 00489 ,  00490  , 00491 ,  00490  , 00491 ,  00489  , 00486
00488  , 00488 ,  00487  , 00485 ,  00486  , 00485 ,  00484  , 00485
00482  , 00483 ,  00482  , 00480 ,  00480  , 00478 ,  00480  , 00478
00477  , 00477 ,  00476  , 00477 ,  00481  , 00475 ,  00473  , 00473
00477  , 00480 ,  00478  , 00473 ,  00471  , 00472 ,  00475  , 00474
00476  , 00473 ,  00469  , 00468 ,  00473  , 00474 ,  00473  , 00473
00469  , 00467 ,  00468  , 00471 ,  00473  , 00469 ,  00467  , 00467
00468  , 00471 ,  00472  , 00469 ,  00466  , 00466 ,  00470  , 00470
00469  , 00469 ,  00466  , 00466 ,  00467  , 00469 ,  00469  , 00466
00467  , 00467 ,  00464  , 00464 ,  00460  , 00462 ,  00468  , 00468
00466  , 00462 ,  00462  , 00464 ,  00464  , 00465 ,  00462  , 00460
00459  , 00460 ,  00464  , 00462 ,  00465  , 00460 ,  00458  , 00459
00462  , 00461 ,  00462  , 00457 ,  00457  , 00457 ,  00461  , 00459
00458  , 00462 ,  00460  , 00460 ,  00459  , 00455 ,  00454  , 00458
00461  , 00459 ,  00454  , 00454 ,  00456  , 00459 ,  00461  , 00458
00455  , 00454 ,  00458  , 00458 ,  00458  , 00456 ,  00454  , 00454
00457  , 00456 ,  00457  , 00455 ,  00457  , 00454 ,  00454  , 00457
00456  , 00456 ,  00453  , 00450 ,  00453  , 00453 ,  00457  , 00456
00451  , 00451 ,  00453  , 00456 ,  00457  , 00452 ,  00452  , 00449
00452  , 00454 ,  00451  , 00452 ,  00450  , 00450 ,  00452  , 00454
00453  , 00450 ,  00450  , 00449 ,  00449  , 00449 ,  00449  , 00451
00453  , 00453 ,  00450  , 00448 ,  00449  , 00450 ,  00450  , 00449
00449  , 00452 ,  00453  , 00450 ,  00446  , 00445 ,  00448  , 00449
00446  , 00449 ,  00448  , 00450 ,  00450  , 00449 ,  00448  , 00449
00450  , 00452 ,  00446  , 00445 ,  00442  , 00446 ,  00448  , 00446
00446  , 00446 ,  00446  , 00451 ,  00452  , 00453 ,  00449  , 00446
00446  , 00445 ,  00446  , 00448 ,  00445  , 00445 ,  00446  , 00450
00452  , 00453 ,  00451  , 00446 ,  00446  , 00443 ,  00446  , 00448
00445  , 00452 ,  00452  , 00450 ,  00449  , 00444 ,  00445  , 00446
00449  , 00449 ,  00447  , 00448 ,  00448  , 00450 ,  00451  , 00449
00450  , 00450 ,  00447  , 00445 ,  00442  , 00444 ,  00444  , 00446
00448  , 00449 ,  00449  , 00450 ,  00451  , 00450 ,  00449  , 00448
00447  , 00450 ,  00453  , 00452 ,  00448  , 00445 ,  00446  , 00448
00448  , 00450 ,  00450  , 00452 ,  00453  , 00450 ,  00448  , 00448
00451  , 00450 ,  00450  , 00450 ,  00452  , 00454 ,  00454  , 00449
00449  , 00452 ,  00452  , 00454 ,  00456  , 00458 ,  00457  , 00452
00454  , 00454 ,  00455  , 00454 ,  00457  , 00460 ,  00462  , 00464
00461  , 00459 ,  00461  , 00466 ,  00470  , 00469 ,  00466  , 00460
00464  , 00471 ,  00472  , 00470 ,  00468  , 00464 ,  00466  , 00470
00475  , 00473 ,  00469  , 00466 ,  00466  , 00473 ,  00477  , 00476
00471  , 00469 ,  00471  , 00475 ,  00479  , 00477 ,  00472  , 00469
00472  , 00481 ,  00486  , 00482 ,  00477  , 00476 ,  00481  , 00488
00489  , 00487 ,  00485  , 00483 ,  00486  , 00491 ,  00496  , 00494
00492  , 00491 ,  00492  , 00495 ,  00500  , 00499 ,  00496  , 00494
00497  , 00500 ,  00503  , 00503 ,  00501  , 00501 ,  00505  , 00506
00506  , 00506 ,  00506  , 00503 ,  00503  , 00512 ,  00512  , 00512
00512  , 00508 ,  00510  , 00516 ,  00519  , 00518 ,  00517  , 00521
00520  , 00520 ,  00522  , 00521 ,  00521  , 00520 ,  00521  , 00522
00522  , 00523 ,  00520  , 00520 ,  00521  , 00523 ,  00528  , 00531
00530  , 00531 ,  00532  , 00536 ,  00534  , 00532 ,  00536  , 00538
00538  , 00537 ,  00539  , 00542 ,  00540  , 00544 ,  00544  , 00544
00546  , 00550 ,  00550  , 00549 ,  00553  , 00555 ,  00556  , 00557
00556  , 00558 ,  00564  , 00563 ,  00565  , 00567 ,  00565  , 00569
00568  , 00573 ,  00569  , 00569 ,  00573  , 00576 ,  00576  , 00573
00577  , 00580 ,  00579  , 00581 ,  00581  , 00581 ,  00584  , 00586
00586  , 00587 ,  00590  , 00590 ,  00592  , 00594 ,  00592  , 00592
00597  , 00598 ,  00597  , 00599 ,  00598  , 00599 ,  00601  , 00603
00602  , 00604 ,  00605  , 00608 ,  00609  , 00609 ,  00609  , 00610
00612  , 00613 ,  00612  , 00612 ,  00613  , 00615 ,  00617  , 00616
00619  , 00619 ,  00620  , 00624 ,  00622  , 00623 ,  00626  , 00628
00629  , 00627 ,  00630  , 00632 ,  00634  , 00636 ,  00634  , 00635
00638  , 00637 ,  00642  , 00640 ,  00643  , 00645 ,  00646  , 00648
00648  , 00651 ,  00651  , 00655 ,  00656  , 00656 ,  00657  , 00662
00662  , 00664 ,  00666  , 00667 ,  00672  , 00672 ,  00673  , 00674
00674  , 00677 ,  00680  , 00680 ,  00680  , 00680 ,  00683  , 00686
00685  , 00684 ,  00686  , 00689 ,  00690  , 00690 ,  00690  , 00690
00692  , 00694 ,  00694  , 00693 ,  00694  , 00698 ,  00698  , 00698
00699  , 00700 ,  00701  , 00704 ,  00706  , 00706 ,  00710  , 00710
00712  , 00714 ,  00716  , 00716 ,  00720  , 00725 ,  00726  , 00728
00730  , 00733 ,  00736  , 00736 ,  00738  , 00740 ,  00742  , 00745
00746  , 00748 ,  00748  , 00752 ,  00755  , 00754 ,  00754  , 00754
00757  , 00762 ,  00761  , 00761 ,  00762  , 00765 ,  00766  , 00766
00766  , 00768 ,  00771  , 00774 ,  00770  , 00774 ,  00775  , 00778
00781  , 00781 ,  00782  , 00785 ,  00787  , 00790 ,  00792  , 00794
00795  , 00797 ,  00800  , 00801 ,  00802  , 00804 ,  00806  , 00809
00811  , 00810 ,  00812  , 00814 ,  00816  , 00814 ,  00816  , 00816
00817  , 00821 ,  00820  , 00818 ,  00820  , 00823 ,  00826  , 00823
00825  , 00821 ,  00819  , 00822 ,  00821  , 00829 ,  00834  , 00835
00837  , 00836 ,  00837  , 00836 ,  00838  , 00841 ,  00845  , 00850
00854  , 00852 ,  00854  , 00852 ,  00853  , 00853 ,  00856  , 00861
00866  , 00871 ,  00872  , 00873 ,  00874  , 00874 ,  00877  , 00880
00882  , 00886 ,  00891  , 00896 ,  00898  , 00898 ,  00900  , 00898
00900  , 00901 ,  00903  , 00907 ,  00910  , 00916 ,  00916  , 00918
00918  , 00918 ,  00920  , 00922 ,  00925  , 00929 ,  00933  , 00940
00941  , 00946 ,  00948  , 00947 ,  00952  , 00953 ,  00955  , 00962
00967  , 00973 ,  00974  , 00974 ,  00978  , 00973 ,  00975  , 00976
00977  , 00982 ,  00985  , 00989 ,  00990  , 00993 ,  00991  , 00988
00989  , 00987 ,  00992  , 00996 ,  00998  , 01001 ,  01001  , 01003
01002  , 01000 ,  01000  , 01001 ,  01002  , 01005 ,  01008  , 01010
01013  , 01014 ,  01012  , 01012 ,  01012  , 01011 ,  01014  , 01015
01024  , 01024 ,  01026  , 01027 ,  01027  , 01026 ,  01030  , 01029
01031  , 01038 ,  01042  , 01051 ,  01052  , 01053 ,  01056  , 01056
01058  , 01058 ,  01060  , 01066 ,  01069  , 01074 ,  01074  , 01076
01078  , 01076 ,  01077  , 01079 ,  01081  , 01089 ,  01092  , 01097
01096  , 01100 ,  01099  , 01097 ,  01098  , 01098 ,  01099  , 01106
01111  , 01114 ,  01118  , 01121 ,  01120  , 01120 ,  01122  , 01124
01126  , 01132 ,  01138  , 01141 ,  01144  , 01145 ,  01146  , 01146
01145  , 01144 ,  01147  , 01152 ,  01156  , 01159 ,  01162  , 01163
01162  , 01162 ,  01162  , 01162 ,  01163  , 01170 ,  01175  , 01178
01179  , 01181 ,  01184  , 01181 ,  01181  , 01184 ,  01188  , 01191
01198  , 01202 ,  01205  , 01208 ,  01207  , 01205 ,  01205  , 01209
01213  , 01216 ,  01222  , 01226 ,  01229  , 01230 ,  01232  , 01232
01232  , 01236 ,  01237  , 01241 ,  01250  , 01251 ,  01253  , 01257
01257  , 01255 ,  01256  , 01257 ,  01259  , 01264 ,  01268  , 01272
01275  , 01276 ,  01276  , 01276 ,  01276  , 01280 ,  01284  , 01288
01292  , 01294 ,  01298  , 01301 ,  01300  , 01298 ,  01298  , 01301
01304  , 01307 ,  01314  , 01316 ,  01320  , 01320 ,  01320  , 01320
01319  , 01322 ,  01323  , 01326 ,  01332  , 01335 ,  01338  , 01339
01338  , 01337 ,  01338  , 01341 ,  01344  , 01348 ,  01353  , 01358
01361  , 01364 ,  01364  , 01365 ,  01365  , 01367 ,  01370  , 01374
01380  , 01381 ,  01386  , 01389 ,  01388  , 01386 ,  01387  , 01389
01392  , 01396 ,  01399  , 01402 ,  01406  , 01410 ,  01407  , 01408
01408  , 01410 ,  01412  , 01417 ,  01421  , 01424 ,  01427  , 01428
01429  , 01429 ,  01428  , 01432 ,  01433  , 01435 ,  01444  , 01446
01451  , 01453 ,  01453  , 01454 ,  01456  , 01457 ,  01462  , 01468
01475  , 01477 ,  01483  , 01484 ,  01485  , 01486 ,  01485  , 01486
01492  , 01494 ,  01499  , 01501 ,  01504  , 01505 ,  01505  , 01504
01502  , 01504 ,  01505  , 01507 ,  01513  , 01514 ,  01517  , 01518
01520  , 01520 ,  01520  , 01522 ,  01525  , 01529 ,  01534  , 01538
01542  , 01544 ,  01546  , 01547 ,  01548  , 01554 ,  01559  , 01562
01569  , 01571 ,  01578  , 01580 ,  01581  , 01582 ,  01582  , 01586
01589  , 01593 ,  01597  , 01598 ,  01602  , 01602 ,  01602  , 01601
01601  , 01602 ,  01606  , 01609 ,  01611  , 01614 ,  01619  , 01620
01619  , 01621 ,  01621  , 01622 ,  01627  , 01633 ,  01635  , 01637
01640  , 01643 ,  01644  , 01645 ,  01649  , 01651 ,  01659  , 01666
01670  , 01678 ,  01682  , 01687 ,  01689  , 01693 ,  01696  , 01696
01700  , 01706 ,  01705  , 01709 ,  01710  , 01707 ,  01710  , 01712
01713  , 01713 ,  01714  , 01720 ,  01720  , 01723 ,  01725  , 01725
01725  , 01725 ,  01725  , 01725 ,  01730  , 01731 ,  01733  , 01737
01739  , 01738 ,  01742  , 01744 ,  01744  , 01747 ,  01752  , 01754
01755  , 01761 ,  01765  , 01766 ,  01769  , 01770 ,  01773  , 01773
01778  , 01781 ,  01784  , 01788 ,  01794  , 01797 ,  01798  , 01800
01801  , 01803 ,  01806  , 01810 ,  01813  , 01816 ,  01818  , 01819
01824  , 01820 ,  01824  , 01822 ,  01825  , 01828 ,  01828  , 01834
01834  , 01838 ,  01840  , 01838 ,  01841  , 01844 ,  01849  , 01853
01853  , 01860 ,  01864  , 01866 ,  01870  , 01871 ,  01874  , 01877
01882  , 01888 ,  01888  , 01893 ,  01897  , 01899 ,  01902  , 01903
01906  , 01908 ,  01913  , 01915 ,  01917  , 01921 ,  01922  , 01924
01929  , 01929 ,  01930  , 01931 ,  01934  , 01938 ,  01937  , 01940
01942  , 01944 ,  01946  , 01946 ,  01946  , 01949 ,  01954  , 01957
01957  , 01961 ,  01963  , 01965 ,  01967  , 01972 ,  01973  , 01974
01977  , 01981 ,  01984  , 01988 ,  01989  , 01992 ,  01995  , 01996
02001  , 02002 ,  02006  , 02009 ,  02010  , 02013 ,  02016  , 02018
02024  , 02027 ,  02029  , 02034 ,  02037  , 02048 ,  02048  , 02048
02049  , 02050 ,  02054  , 02054 ,  02058  , 02059 ,  02060  , 02061
02064  , 02066 ,  02066  , 02068 ,  02067  , 02069 ,  02069  , 02070
02072  , 02071 ,  02072  , 02074 ,  02074  , 02074 ,  02074  , 02075
02077  , 02080 ,  02081  , 02083 ,  02085  , 02088 ,  02091  , 02093
02096  , 02101 ,  02106  , 02107 ,  02115  , 02117 ,  02122  , 02125
02130  , 02134 ,  02138  , 02141 ,  02146  , 02150 ,  02154  , 02155
02160  , 02162 ,  02163  , 02165 ,  02166  , 02170 ,  02170  , 02176
02176  , 02176 ,  02176  , 02176 ,  02177  , 02178 ,  02180  , 02181
02184  , 02187 ,  02190  , 02190 ,  02194  , 02195 ,  02197  , 02200
02203  , 02208 ,  02210  , 02216 ,  02218  , 02218 ,  02226  , 02227
02229  , 02234 ,  02237  , 02245 ,  02246  , 02252 ,  02255  , 02256
02261  , 02261 ,  02265  , 02266 ,  02267  , 02273 ,  02275  , 02277
02279  , 02278 ,  02282  , 02282 ,  02282  , 02287 ,  02287  , 02290
02292  , 02297 ,  02296  , 02296 ,  02299  , 02298 ,  02298  , 02305
02305  , 02308 ,  02312  , 02315 ,  02317  , 02316 ,  02320  , 02322
02322  , 02324 ,  02329  , 02331 ,  02337  , 02341 ,  02344  , 02345
02349  , 02349 ,  02353  , 02357 ,  02362  , 02368 ,  02372  , 02375
02377  , 02380 ,  02381  , 02384 ,  02385  , 02388 ,  02392  , 02394
02400  , 02404 ,  02407  , 02405 ,  02409  , 02408 ,  02409  , 02412
02418  , 02419 ,  02423  , 02427 ,  02428  , 02432 ,  02434  , 02434
02436  , 02439 ,  02442  , 02448 ,  02452  , 02455 ,  02456  , 02457
02459  , 02459 ,  02459  , 02464 ,  02468  , 02469 ,  02473  , 02474
02475  , 02475 ,  02478  , 02479 ,  02478  , 02482 ,  02487  , 02488
02493  , 02497 ,  02498  , 02500 ,  02501  , 02501 ,  02501  , 02506
02509  , 02514 ,  02519  , 02522 ,  02523  , 02525 ,  02528  , 02529]
b = reshape (a',1,4000)
c = 1:4000
plot (c,b)

