a = [01330   01331   01333   01331   01331   01332   01333   01334
01337   01336   01337   01337   01339   01341   01341   01341
01344   01345   01347   01347   01349   01349   01349   01348
01348   01351   01349   01349   01349   01349   01349   01349
01347   01347   01346   01345   01346   01347   01348   01347
01348   01349   01351   01348   01349   01349   01350   01353
01351   01355   01356   01355   01357   01357   01355   01360
01361   01361   01364   01364   01365   01365   01365   01365
01365   01365   01366   01366   01367   01368   01367   01366
01364   01362   01363   01362   01362   01362   01363   01363
01363   01363   01365   01366   01332   01333   01333   01334
01335   01334   01335   01333   01332   01330   01330   01331]

b = reshape(a',1,96)
c = 1:96
plot (c,b)

