a = [03493   03488   03472   03457   03445   03433   03409   03394
03385   03375   03357   03338   03319   03301   03282   03265
03244   03227   03210   03183   03157   03141   03122   03101
03081   03065   03041   03012   02985   02969   02948   02921
02893   02871   02849   02833   02809   02777   02754   02733
02714   02688   02658   02629   02614   02587   02549   02518
02506   02493   02469   02441   02412   02385   02358   02340
02310   02279   02256   02237   02203   02164   02141   02125
02100   02077   02062   02048   02024   01995   01965   01941
01921   01897   01869   01853   01829   01797   01765   01745
01725   01704   01674   01645   01625   01604   01581   01556
01533   01513   01485   01467   01442   01420   01401   01373
01347   01329   01304   01277   01259   01239   01216   01190
01171   01152   01124   01103   01082   01060   01037   01017
01000   00975   00954   00939   00920   00891   00871   00850
00833   00816   00795   00772   00757   00746   00730   00710
00694   00675   00665   00653   00637   00633   00624   00604
00592   00591   00580   00561   00553   00549   00537   00523
00520   00516   00506   00499   00498   00494   00491   00488
00487   00484   00482   00478   00476   00473   00471   00470
00466   00465   00466   00465   00464   00464   00462   00459
00459   00461   00459   00458   00458   00460   00461   00460
00461   00462   00465   00466   00471   00476   00484   00489
00494   00500   00507   00514   00524   00532   00539   00546
00554   00561   00576   00586   00593   00603   00616   00627
00642   00654   00671   00682   00695   00711   00729   00741
00747   00763   00788   00811   00827   00835   00852   00879
00899   00914   00933   00959   00985   01002   01024   01042
01064   01083   01105   01132   01156   01174   01197   01221
01250   01276   01294   01313   01335   01361   01389   01409
01430   01455   01481   01509   01533   01557   01590   01617
01638   01655   01673   01701   01729   01755   01777   01802
01829   01861   01882   01906   01949   01973   01989   02010
02042   02073   02081   02092   02120   02149   02171   02197
02222   02249   02267   02289   02317   02345   02370   02396
02421   02446   02473   02493   02514   02541   02568   02592
02614   02639   02661   02688   02710   02729   02756   02775
02789   02817   02852   02869   02884   02907   02933   02957
02977   02999   03023   03044   03069   03088   03113   03136
03148   03170   03200   03209   03229   03257   03277   03297
03317   03338   03357   03373   03393   03402   03419   03445
03465   03477   03491   03502   03513   03515   03529   03549
03561   03557   03575   03592   03601   03604   03613   03625
03636   03638   03641   03650   03654   03657   03658   03660
03662   03662   03665   03684   03681   03682   03685   03685
03685   03690   03689   03689   03692   03693   03689   03689
03691   03691   03692   03690   03690   03690   03689   03687
03688   03686   03685   03682   03677   03669   03661   03656
03656   03652   03643   03637   03629   03621   03613   03605
03597   03588   03578   03567   03559   03545   03533   03525]

b = reshape (a',1,400)
c = 1:400
plot (c,b)

