a = [ 01330   01331   01333   01331   01331   01332   01333   01334
 01337   01336   01337   01337   01339   01341   01341   01341
 01344   01345   01347   01347   01349   01349   01349   01348
 01348   01351   01349   01349   01349   01349   01349   01349
 01347   01347   01346   01345   01346   01347   01348   01347
 01348   01349   01351   01348   01349   01349   01350   01353
 01351   01355   01356   01355   01357   01357   01355   01360
 01361   01361   01364   01364   01365   01365   01365   01365
 01365   01365   01366   01366   01367   01368   01367   01366
 01364   01362   01363   01362   01362   01362   01363   01363
 01363   01363   01365   01366   01332   01333   01333   01334
 01335   01334   01335   01333   01332   01330   01330   01331
 01333   01330   01330   01331   01382   01385   01385   01385
 01386   01385   01386   01387   01387   01389   01389   01387
 01389   01389   01387   01387   01389   01389   01390   01391
 01393   01392   01349   01348   01348   01351   01349   01349
 01349   01349   01349   01349   01347   01347   01346   01345
 01346   01347   01348   01347   01348   01349   01351   01348
 01349   01349   01350   01353   01351   01355   01356   01355
 01357   01357   01355   01360   01361   01361   01364   01364
 01365   01365   01365   01365   01365   01365   01366   01366
 01367   01368   01367   01366   01364   01362   01363   01362
 01362   01362   01363   01363   01363   01363   01365   01366
 01365   01365   01362   01369   01369   01371   01371   01373
 01374   01369   01369   01377   01378   01381   01381   01381
 01382   01385   01385   01385   01386   01385   01386   01387
 01387   01389   01389   01387   01389   01389   01387   01387
 01389   01389   01390   01391   01393   01392   01393   01396
 01396   01397   01398   01400   01403   01403   01404   01405
 01403   01408   01405   01410   01412   01413   01414   01417
 01418   01418   01418   01419   01418   01419   01417   01419
 01420   01420   01420   01420   01419   01419   01419   01419
 01420   01420   01421   01421   01419   01421   01421   01421
 01365   01365   01366   01366   01367   01368   01367   01366
 01364   01362   01363   01362   01362   01362   01363   01363
 01363   01363   01365   01366   01365   01365   01362   01369
 01369   01371   01371   01373   01374   01369   01369   01377]                                

b = reshape(a',1,296)
c = 0:296
plot (c,b)
